# Best-fit model results for imfit 1.8.0 (OpenMP-enabled)
# Generated on Sun Nov 20 14:16:32 2022 by the following command:
#    imfit NGC5772_i.fits -c config_sersic_exp.dat --sky=203.02283 --gain=4.86 --readnoise=4.6225 --save-model=model-7.fits --save-residual=resid-7.fits --save-params=params-7.dat --bootstrap 500 --save-bootstrap=bootstrap_output_7.dat
#
#
#X0		341.5035
#Y0		279.0000
#FUNCTION Sersic
#PA		     90
#ell		0.259111
#n		3.86392
#I_e		52.2309
#r_e		51.2196
#FUNCTION Exponential
#PA		24.5445
#ell		      0
#I_0		57.4231
#h		37.4124
#
# Bootstrap resampling output (500 iterations requested):
# X0_1		Y0_1		PA_1	ell_1	n_1	I_e_1	r_e_1	PA_2	ell_2	I_0_2	h_2	
341.4981817	279.0000000	90.00000000	0.1668607665	3.921145161	500.0000000	8.170896211	90.00000000	0.4630501305	338.5461535	40.11101878
341.3827088	279.0000000	90.00000000	0.01386165390	3.042320691	500.0000000	7.746580492	90.00000000	0.4784831258	341.1461395	40.78556460
341.6978158	279.0000000	90.00000000	0.09986942012	1.954229390	500.0000000	8.536279074	90.00000000	0.4658436492	326.0709796	41.72885065
341.4003212	279.0000000	90.00000000	0.1315171401	1.962820859	500.0000000	8.526177095	90.00000000	0.4592157709	333.9542777	41.04511899
341.2714626	279.0000000	90.00000000	0.1405460901	2.276688376	500.0000000	8.414902413	90.00000000	0.4561142630	337.0185432	40.65926746
341.5399756	279.0000000	90.00000000	0.1654520460	2.036430742	500.0000000	8.592209841	90.00000000	0.4545460626	336.1320850	40.75012243
341.2001314	279.0000000	90.00000000	0.1045657311	2.000128512	500.0000000	8.334711261	90.00000000	0.4602266531	339.9197462	40.71750526
341.6386791	279.0000000	90.00000000	0.2178130042	1.903706739	500.0000000	8.643309453	90.00000000	0.4451241468	352.0856249	39.71242702
341.2026219	279.0000000	90.00000000	0.1604417992	2.469232998	500.0000000	8.793150424	90.00000000	0.4648025358	319.4881112	41.76791369
341.2060840	279.0000000	90.00000000	0.1385034146	2.005386531	500.0000000	8.356837960	90.00000000	0.4559710509	345.0938114	40.36089694
341.3478415	279.0000000	90.00000000	0.1425146137	2.047340079	500.0000000	8.722791439	90.00000000	0.4612028538	327.1657920	41.41423069
341.6733565	279.0000000	90.00000000	0.1483538885	2.208990356	500.0000000	8.524667174	90.00000000	0.4573739779	333.9038334	40.86906481
341.7330193	279.0000000	90.00000000	0.1536296198	1.800882241	500.0000000	8.539168179	90.00000000	0.4553404931	342.1692766	40.54066911
341.7309007	279.0000000	90.00000000	0.1139078925	1.916288079	500.0000000	8.621622096	90.00000000	0.4621897497	330.2440656	41.27493724
341.5034963	279.0000000	90.00000000	0.2591136006	3.863911965	52.23085902	51.21953888	90.00000000	1.604258472e-05	57.42319740	37.41243109
341.4817981	279.0000000	90.00000000	0.1970731989	1.842983249	500.0000000	8.787205740	90.00000000	0.4469472975	338.5064433	40.51007844
341.2950792	279.0000000	90.00000000	0.2085311934	2.120070004	500.0000000	8.545209234	90.00000000	0.4471685258	343.1968390	40.17674069
341.5896937	279.0000000	90.00000000	0.03117648600	2.229086104	500.0000000	8.470328390	90.00000000	0.4787051849	313.2375156	42.61787209
341.3773911	279.0000000	90.00000000	0.1246050871	1.931489118	500.0000000	8.600869975	90.00000000	0.4625436116	331.6951178	41.24177483
341.3444079	279.0000000	90.00000000	0.1472884287	2.122721285	500.0000000	8.690293742	90.00000000	0.4614557521	329.6672607	41.25384379
341.5900476	279.0000000	90.00000000	0.1652373102	1.800634526	500.0000000	8.389199110	90.00000000	0.4496026206	351.6778135	39.93596286
341.6004409	279.0000000	90.00000000	0.1354974620	1.927763023	500.0000000	8.625615059	90.00000000	0.4596351708	332.6796893	41.14888483
341.7062784	279.0000000	90.00000000	0.1075426783	2.339683370	500.0000000	8.233502147	90.00000000	0.4641741845	338.7651883	40.81595858
341.6722650	279.0000000	90.00000000	0.1500502248	1.902550030	500.0000000	8.792676383	90.00000000	0.4584215323	328.2028438	41.34193006
341.3209095	279.0000000	90.00000000	0.1731492478	1.971145922	500.0000000	8.722688868	90.00000000	0.4531610241	336.1054335	40.67233642
341.6391374	279.0000000	90.00000000	0.1868793898	1.867623410	500.0000000	8.515342604	90.00000000	0.4514202574	347.9581384	40.16827148
341.5405095	279.0000000	90.00000000	0.1564792918	1.850457353	500.0000000	8.679125494	90.00000000	0.4572394014	336.7626933	40.88901776
341.5841210	279.0000000	90.00000000	0.1702233910	1.972457619	500.0000000	8.432374737	90.00000000	0.4527003313	347.1607407	40.12906221
341.5422719	279.0000000	90.00000000	0.1638722436	1.886875681	500.0000000	8.670833659	90.00000000	0.4538684501	337.5733261	40.62717293
341.3878065	279.0000000	90.00000000	0.1450074324	2.085494612	500.0000000	8.672067305	90.00000000	0.4610532115	329.2495326	41.29705440
341.5034972	279.0000000	90.00000000	0.2591132825	3.863906381	52.23161506	51.21918041	90.00000000	9.561716477e-07	57.42370331	37.41256708
341.6090503	279.0000000	90.00000000	0.1087196107	2.340272198	500.0000000	8.383753608	90.00000000	0.4647140869	330.1156060	41.29525540
341.5485759	279.0000000	90.00000000	0.1376184439	1.871058090	500.0000000	8.758265807	90.00000000	0.4613817516	326.4068833	41.55532405
341.3117773	279.0000000	90.00000000	0.1618762658	2.757105546	500.0000000	8.033642743	90.00000000	0.4555281310	353.7977463	39.57576184
341.6039951	279.0000000	90.00000000	0.1887450713	1.798793143	500.0000000	8.778623924	90.00000000	0.4516320045	339.4221550	40.56530227
341.4162765	279.0000000	90.00000000	0.1283558033	1.989905135	500.0000000	8.481376263	90.00000000	0.4589958357	337.0007237	40.82442941
341.0771308	279.0000000	90.00000000	0.09616072045	2.252797681	500.0000000	8.293084833	90.00000000	0.4650349226	339.3036638	40.75538680
341.3177405	279.0000000	90.00000000	0.1203969911	2.166741022	500.0000000	8.332452045	90.00000000	0.4597551641	338.5146391	40.73978199
341.4926785	279.0000000	90.00000000	0.1760984800	1.833692280	500.0000000	8.697508245	90.00000000	0.4520317280	340.7507152	40.43635674
341.6952343	279.0000000	90.00000000	0.08976779071	2.646173223	500.0000000	8.141588089	90.00000000	0.4706035586	337.7421109	40.85835320
341.5034978	279.0000000	90.00000000	0.2591113487	3.863920367	52.23098228	51.21952806	90.00000000	5.967904985e-07	57.42331882	37.41243136
341.8320976	279.0000000	90.00000000	0.1256115705	2.514466766	500.0000000	8.243325681	90.00000000	0.4629092566	338.4863846	40.66184330
341.5847941	279.0000000	90.00000000	0.1174619707	1.878648784	500.0000000	8.570891025	90.00000000	0.4612393628	333.2419450	41.19329297
341.5035051	279.0000000	90.00000000	0.2591132454	3.863943702	52.23036323	51.21983847	90.00000000	9.344571448e-07	57.42469843	37.41202795
341.2492494	279.0000000	90.00000000	0.08907374706	2.218506736	500.0000000	8.060856159	90.00000000	0.4628116319	346.9962123	40.29093478
341.4380321	279.0000000	90.00000000	0.1484245348	2.004558675	500.0000000	8.488150710	90.00000000	0.4569169026	337.9072562	40.73672350
341.7290372	279.0000000	90.00000000	0.1380188128	1.995600052	500.0000000	8.760123863	90.00000000	0.4628311658	325.6010705	41.55276687
341.5094803	279.0000000	90.00000000	0.1104941625	2.025402197	500.0000000	8.647187394	90.00000000	0.4647667865	325.2258636	41.69103476
341.4758663	279.0000000	90.00000000	0.2084743387	1.813854805	500.0000000	8.764781522	90.00000000	0.4485262792	345.5622936	40.18974602
341.2287899	279.0000000	90.00000000	0.06385099506	2.716279455	500.0000000	8.216656993	90.00000000	0.4761082231	327.2298519	41.54214255
341.2654435	279.0000000	90.00000000	0.1430688702	2.272327055	500.0000000	8.462856197	90.00000000	0.4609362216	334.2333962	40.95220032
341.2573215	279.0000000	90.00000000	0.1013059094	2.611416604	500.0000000	8.278838800	90.00000000	0.4690140543	331.1910954	41.22793096
341.3514037	279.0000000	90.00000000	0.1456670046	1.804576962	500.0000000	8.522579701	90.00000000	0.4550975946	343.4096067	40.45288284
341.2280148	279.0000000	90.00000000	0.1552846787	2.054692006	500.0000000	8.619895159	90.00000000	0.4571831169	336.3320858	40.76679986
341.1571710	279.0000000	90.00000000	0.1369783964	2.336604284	500.0000000	8.406390417	90.00000000	0.4616751465	337.7646150	40.73138482
341.3765327	279.0000000	90.00000000	0.1791509327	1.872487180	500.0000000	8.683392751	90.00000000	0.4529039912	339.7740238	40.56150829
341.5360204	279.0000000	90.00000000	0.1564604017	1.894050918	500.0000000	8.664488717	90.00000000	0.4564161992	336.4930919	40.83198161
341.5644230	279.0000000	90.00000000	0.1517615917	1.979534012	500.0000000	8.559686684	90.00000000	0.4572096496	338.4892987	40.78968973
341.4798193	279.0000000	90.00000000	0.08981464647	2.163253693	500.0000000	8.361890342	90.00000000	0.4668141954	329.6339189	41.43324437
341.4664519	279.0000000	90.00000000	0.1353343362	1.918215989	500.0000000	8.656927549	90.00000000	0.4581057362	330.4167728	41.10697361
341.6344650	279.0000000	90.00000000	0.1165436017	1.965059699	500.0000000	8.596773510	90.00000000	0.4601324838	330.0370903	41.21642476
341.4341019	279.0000000	90.00000000	0.1567504940	1.810974406	500.0000000	8.467210070	90.00000000	0.4512863148	347.8002991	40.15474258
341.7915635	279.0000000	90.00000000	0.1271404970	2.087839775	500.0000000	8.472052251	90.00000000	0.4631732538	334.3961312	41.06444228
341.3935765	279.0000000	90.00000000	0.1467096728	2.211938839	500.0000000	8.553938177	90.00000000	0.4623842161	331.3594027	41.21031633
341.4498947	279.0000000	90.00000000	0.1258214648	2.621475850	500.0000000	8.361410398	90.00000000	0.4656461432	330.9220616	41.09511302
341.5406536	279.0000000	90.00000000	0.1661781264	2.199950052	500.0000000	8.795781557	90.00000000	0.4592302454	326.7911013	41.33564088
341.4520866	279.0000000	90.00000000	0.1412927879	1.937975544	500.0000000	8.614981241	90.00000000	0.4588606759	333.9623506	41.08416219
341.4184086	279.0000000	90.00000000	0.1029099448	1.974290120	500.0000000	8.753274503	90.00000000	0.4686217384	319.3144663	42.11636592
341.4964251	279.0000000	90.00000000	0.1394994349	2.202320545	500.0000000	8.720960558	90.00000000	0.4615366903	323.7711870	41.52543882
341.5131352	279.0000000	90.00000000	0.1237477730	2.440747279	500.0000000	8.463629318	90.00000000	0.4629792869	329.2528650	41.13800053
341.5270812	279.0000000	90.00000000	0.1340424706	1.969525676	500.0000000	8.401710969	90.00000000	0.4584220931	338.2529904	40.75952730
340.9651838	279.0000000	88.76169732	0.1299587480	2.748311484	500.0000000	8.191771847	90.00000000	0.4620647996	341.6739488	40.36766525
341.2083276	279.0000000	90.00000000	0.08901028065	2.356396894	500.0000000	8.317407969	90.00000000	0.4694448901	332.0889875	41.28434437
341.6598606	279.0000000	90.00000000	0.1379841576	2.058303789	500.0000000	8.551375199	90.00000000	0.4577641790	335.9158351	40.81378821
341.6887318	279.0000000	90.00000000	0.1361259512	2.042553718	500.0000000	8.448869453	90.00000000	0.4596314126	340.0888024	40.63798284
341.4922279	279.0000000	90.00000000	0.1542041409	1.846609317	500.0000000	8.498155375	90.00000000	0.4526329154	342.7744744	40.43068037
341.5797743	279.0000000	90.00000000	0.1437994472	2.145506425	500.0000000	8.701286580	90.00000000	0.4613819977	325.8368842	41.46549489
341.3766962	279.0000000	90.00000000	0.1536747234	1.976337194	500.0000000	8.587331263	90.00000000	0.4563083364	335.7872308	40.79175057
341.5152021	279.0000000	90.00000000	0.08742532312	2.104455240	500.0000000	8.420919571	90.00000000	0.4676212920	329.5589850	41.48172037
341.6674254	279.0000000	90.00000000	0.1322671095	2.046229668	500.0000000	8.469769418	90.00000000	0.4596028924	334.2277965	40.94503047
341.4613566	279.0000000	90.00000000	0.1025412268	1.989444814	500.0000000	8.415649855	90.00000000	0.4645210882	337.1660801	40.98240058
341.5509927	279.0000000	90.00000000	0.1284046181	1.968923407	500.0000000	8.697948404	90.00000000	0.4627086538	326.8741768	41.53419406
341.4994414	279.0000000	90.00000000	0.1088828322	2.290202117	500.0000000	8.667575321	90.00000000	0.4698251473	316.9277198	42.09797503
341.5136803	279.0000000	90.00000000	0.1790215536	2.046119033	500.0000000	8.599996519	90.00000000	0.4557624819	338.7374318	40.68550620
341.3234352	279.0000000	90.00000000	0.1100937688	2.074731218	500.0000000	8.526651875	90.00000000	0.4654789110	328.3656271	41.53576859
341.6949573	279.0000000	90.00000000	0.1415432974	1.979215078	500.0000000	8.456540718	90.00000000	0.4595028413	338.0815100	40.91237598
341.4509527	279.0000000	90.00000000	0.06746481353	2.127814627	500.0000000	8.524954084	90.00000000	0.4750600568	320.7775626	42.15815983
341.3513959	279.0000000	90.00000000	0.09976658866	1.933812242	500.0000000	8.527023328	90.00000000	0.4662126480	328.2435724	41.54353118
341.6981694	279.0000000	90.00000000	0.1685470437	1.984495011	500.0000000	8.495194829	90.00000000	0.4548391595	343.4706702	40.52112358
341.4528445	279.0000000	90.00000000	0.1864999328	1.961009204	500.0000000	8.663543493	90.00000000	0.4499995892	340.1919426	40.38275812
341.2815361	279.0000000	90.00000000	0.08615664748	2.078022990	500.0000000	8.558846313	90.00000000	0.4702579572	326.3127147	41.64930226
341.7418466	279.0000000	90.00000000	0.1685185065	1.701938754	500.0000000	8.394769394	90.00000000	0.4492312451	356.2605535	39.69411007
341.5570211	279.0000000	90.00000000	0.1968597517	1.790576566	500.0000000	8.649208160	90.00000000	0.4479083202	347.3403487	40.06709469
341.7032592	279.0000000	90.00000000	0.1635639230	2.339065903	500.0000000	8.475882252	90.00000000	0.4585134357	335.8978898	40.76880455
341.4603881	279.0000000	90.00000000	0.1066728508	2.648199091	500.0000000	8.148506946	90.00000000	0.4681323945	339.9483141	40.66856003
341.6731350	279.0000000	90.00000000	0.1469493450	2.066795524	500.0000000	8.552007941	90.00000000	0.4602795137	333.7572884	41.07116159
341.2534308	279.0000000	90.00000000	0.1848040982	2.087726407	500.0000000	8.822495256	90.00000000	0.4557447286	332.1950457	40.93349776
341.5035009	279.0000000	90.00000000	0.2591139956	3.863933089	52.23081963	51.21959948	90.00000000	1.968235933e-06	57.42460072	37.41220961
341.5578194	279.0000000	90.00000000	0.1189388599	2.301747303	500.0000000	8.563461930	90.00000000	0.4666271173	321.9146196	41.74519990
341.5884113	279.0000000	90.00000000	0.07719961303	2.084356448	500.0000000	8.235695742	90.00000000	0.4652824201	336.5915329	40.96296899
341.6014541	279.0000000	90.00000000	0.08346215206	2.171924160	500.0000000	8.240276297	90.00000000	0.4682369627	336.6997144	41.03163171
341.3205169	279.0000000	90.00000000	0.1557330191	1.990621224	500.0000000	8.689750901	90.00000000	0.4566035495	333.0325200	40.96214268
341.4683167	279.0000000	90.00000000	0.1381982529	2.077369392	500.0000000	8.485207414	90.00000000	0.4589402196	336.0553161	40.83609965
341.6791303	279.0000000	90.00000000	0.1093703238	2.273450498	500.0000000	8.313621837	90.00000000	0.4642485639	333.7389885	41.07808739
341.3204927	279.0000000	90.00000000	0.1279928261	2.549046366	500.0000000	8.320761826	90.00000000	0.4639233709	335.2450535	40.86145417
341.3997427	279.0000000	90.00000000	0.1407786526	1.904607081	500.0000000	8.789655602	90.00000000	0.4605443311	326.4186562	41.48461429
341.5602355	279.0000000	90.00000000	0.1047209606	1.852028237	500.0000000	8.658748608	90.00000000	0.4646493026	328.4737078	41.49639669
341.4488465	279.0000000	90.00000000	0.1003919336	2.191504473	500.0000000	8.639646043	90.00000000	0.4691116288	320.3662869	41.94919262
341.2436935	279.0000000	90.00000000	0.05655925889	2.673550581	500.0000000	7.867352727	90.00000000	0.4707793948	343.1743828	40.58401521
341.5210920	279.0000000	90.00000000	0.1748552406	2.235232271	500.0000000	8.243321591	90.00000000	0.4510785814	353.6637700	39.65351543
341.6052642	279.0000000	90.00000000	0.1520901670	2.074252772	500.0000000	8.762434353	90.00000000	0.4594568376	329.6813966	41.25114958
341.5673745	279.0000000	90.00000000	0.06054113835	2.164983088	500.0000000	8.304224112	90.00000000	0.4707156676	327.4296025	41.67592649
341.5171449	279.0000000	90.00000000	0.1188415976	1.857926747	500.0000000	8.544632140	90.00000000	0.4603589416	334.9976055	41.08070235
341.2700961	279.0000000	90.00000000	0.1086008934	2.194305340	500.0000000	8.470809329	90.00000000	0.4647369954	331.4731134	41.20346648
341.4807354	279.0000000	90.00000000	0.1892211076	1.792533045	500.0000000	8.647103314	90.00000000	0.4496976770	348.4632588	40.05451218
341.7469363	279.0000000	90.00000000	0.1501500558	2.114111341	500.0000000	8.473217085	90.00000000	0.4585286058	337.8782922	40.75890135
341.6670548	279.0000000	90.00000000	0.1709771520	1.794927146	500.0000000	8.602044460	90.00000000	0.4513127249	343.4197218	40.35531129
341.5016464	279.0000000	90.00000000	0.1442477234	1.878849308	500.0000000	8.492239135	90.00000000	0.4565267195	342.3481288	40.49414981
341.2942914	279.0000000	90.00000000	0.1524408800	2.173580413	500.0000000	8.780541059	90.00000000	0.4609855380	322.2771309	41.59242052
341.3681772	279.0000000	90.00000000	0.1179649148	2.175424795	500.0000000	8.490368854	90.00000000	0.4655214490	330.4087996	41.30822791
341.4194360	279.0000000	90.00000000	0.1380392491	1.948072762	500.0000000	8.605304399	90.00000000	0.4571410387	330.5748153	41.15214661
341.2152840	279.0000000	90.00000000	0.1014186253	2.208689244	500.0000000	8.151913283	90.00000000	0.4641921384	342.0198720	40.73256858
341.4993134	279.0000000	90.00000000	0.2223403012	2.105271052	500.0000000	8.807523849	90.00000000	0.4486876195	336.7734852	40.50340668
341.4506411	279.0000000	90.00000000	0.1381070353	2.078619677	500.0000000	8.691099205	90.00000000	0.4612366626	330.0001324	41.23580711
341.3352792	279.0000000	90.00000000	0.1583879358	1.819516612	500.0000000	8.517538598	90.00000000	0.4526540938	343.4678407	40.40670223
341.4088964	279.0000000	90.00000000	0.1170930392	2.025327349	500.0000000	8.784127543	90.00000000	0.4667012037	320.9070355	41.97743342
341.4741524	279.0000000	90.00000000	0.3504567481	3.629799136	57.62833535	52.64077938	3.552713679e-15	0.000000000	56.54093395	37.10988471
341.4732324	279.0000000	90.00000000	0.1506794483	1.927564091	500.0000000	8.705571273	90.00000000	0.4595026296	331.8537313	41.18188196
341.6360428	279.0000000	90.00000000	0.1627311960	1.817998232	500.0000000	8.827010489	90.00000000	0.4558207336	331.3085330	41.10301077
341.5308634	279.0000000	90.00000000	0.1515735171	1.924231887	500.0000000	8.540946295	90.00000000	0.4531918504	340.6573626	40.47435839
341.2877765	279.0000000	90.00000000	0.1050502673	2.080377387	500.0000000	8.797407868	90.00000000	0.4723210208	313.5415400	42.56174893
341.4476505	279.0000000	90.00000000	0.1555128484	2.044721751	500.0000000	8.759383482	90.00000000	0.4586626653	328.8163281	41.21231307
341.6027363	279.0000000	90.00000000	0.2009807141	1.840504754	500.0000000	8.745304368	90.00000000	0.4475174806	344.9949071	40.08980200
341.2478016	279.0000000	90.00000000	0.1201928487	2.206455737	500.0000000	8.421433655	90.00000000	0.4623081630	336.3757457	40.82183382
341.4542338	279.0000000	90.00000000	0.1201945686	1.897056492	500.0000000	8.547113790	90.00000000	0.4612070160	332.4793895	41.21010467
341.2393433	279.0000000	90.00000000	0.1342967227	1.940217984	500.0000000	8.688689796	90.00000000	0.4599224845	329.4189488	41.24395921
341.2125945	279.0000000	90.00000000	0.08527060839	2.346214844	500.0000000	8.295579645	90.00000000	0.4687749793	331.9749386	41.22921525
341.6362349	279.0000000	90.00000000	0.1767142655	1.894665106	500.0000000	8.732034482	90.00000000	0.4547630547	337.0794536	40.76323927
341.6432946	279.0000000	90.00000000	0.1196449896	1.965377972	500.0000000	8.484776464	90.00000000	0.4612743099	333.8343515	41.14356853
341.2503306	279.0000000	90.00000000	0.1299398962	2.142881432	500.0000000	8.523748950	90.00000000	0.4595562063	334.6732650	40.83864282
341.7561418	279.0000000	90.00000000	0.2059680480	2.101601836	500.0000000	8.752383026	90.00000000	0.4530551535	335.2669662	40.77384886
341.3554500	279.0000000	90.00000000	0.1244340898	2.057241123	500.0000000	8.566644385	90.00000000	0.4621321855	330.2257753	41.24849395
341.8119331	279.0000000	90.00000000	0.06935603255	2.430647583	500.0000000	8.134044430	90.00000000	0.4709664196	331.7176717	41.26017871
341.4646817	279.0000000	90.00000000	0.1450545089	1.909516363	500.0000000	8.474880839	90.00000000	0.4576648965	342.0222974	40.58024854
341.8454952	279.0000000	90.00000000	0.1503406892	2.264486256	500.0000000	8.510367833	90.00000000	0.4580634032	331.6399976	41.00381209
341.3715544	279.0000000	90.00000000	0.1621255535	2.105509110	500.0000000	8.716490544	90.00000000	0.4593124008	327.8156715	41.25297856
341.7807878	279.0000000	90.00000000	0.1162760146	2.214021164	500.0000000	8.413361251	90.00000000	0.4648184068	332.3747015	41.17637166
341.7765954	279.0000000	90.00000000	0.04807451818	2.404931690	500.0000000	8.044275137	90.00000000	0.4714294519	335.9677584	41.11475240
341.4180802	279.0000000	90.00000000	0.1554838007	1.856676759	500.0000000	8.688234343	90.00000000	0.4551018324	335.9439826	40.84784942
341.6079619	279.0000000	90.00000000	0.1238945723	1.930490955	500.0000000	8.533667033	90.00000000	0.4587695188	336.8263608	40.79525330
341.5326619	279.0000000	90.00000000	0.1218663050	2.055536830	500.0000000	8.671681694	90.00000000	0.4651447573	326.1347480	41.63383523
341.4163886	279.0000000	90.00000000	0.1548203101	2.043661359	500.0000000	8.446713103	90.00000000	0.4557219243	341.7942567	40.40754046
341.1861159	279.0000000	90.00000000	0.1234315467	2.509587217	500.0000000	8.311748476	90.00000000	0.4646762986	337.0048962	40.73738069
341.7692500	279.0000000	90.00000000	0.1432955447	2.278465145	500.0000000	8.581390697	90.00000000	0.4623944879	331.9781743	41.01357996
341.3027762	279.0000000	90.00000000	0.03032425703	2.368611611	500.0000000	8.059053250	90.00000000	0.4724487807	335.5306209	41.10759367
341.6237713	279.0000000	90.00000000	0.1217701636	2.007014847	500.0000000	8.617718158	90.00000000	0.4615330887	332.0581071	41.16461460
341.7651799	279.0000000	90.00000000	0.1421644960	2.041532922	500.0000000	8.675980299	90.00000000	0.4589548755	329.8642795	41.15014536
341.6729178	279.0000000	90.00000000	0.1532719582	2.095364219	500.0000000	8.443045834	90.00000000	0.4583988426	341.3059223	40.60729639
341.4197252	279.0000000	90.00000000	0.1475077358	2.067283205	500.0000000	8.543043918	90.00000000	0.4585128964	334.8647771	40.92043772
341.4567697	279.0000000	90.00000000	0.09747276070	1.860441144	500.0000000	8.480473640	90.00000000	0.4628369355	336.2238441	40.98754446
341.4027526	279.0000000	90.00000000	0.1719018684	2.475719812	500.0000000	8.598760353	90.00000000	0.4565924542	334.1619866	40.66429630
341.3212789	279.0000000	90.00000000	0.1152391151	1.942605751	500.0000000	8.635683497	90.00000000	0.4632036430	330.2795089	41.37400354
341.6484800	279.0000000	90.00000000	0.07284558309	2.135944965	500.0000000	8.376647095	90.00000000	0.4723895130	325.7769378	41.74874231
341.7532459	279.0000000	90.00000000	0.06082927929	2.108937259	500.0000000	8.163251880	90.00000000	0.4680358432	338.0424765	40.99552354
341.2563419	279.0000000	90.00000000	0.1550548700	1.923527833	500.0000000	8.902359722	90.00000000	0.4615780520	323.0389269	41.67465163
341.4453165	279.0000000	90.00000000	0.1544291009	1.809171379	500.0000000	8.676293588	90.00000000	0.4554418313	338.4209163	40.73678111
341.6018460	279.0000000	90.00000000	0.1275446459	2.015673558	500.0000000	8.602922102	90.00000000	0.4610513903	332.2352096	41.17285360
341.2311730	279.0000000	90.00000000	0.1420917475	2.295166648	500.0000000	8.497881815	90.00000000	0.4615834074	334.2047736	40.94855235
341.6905050	279.0000000	90.00000000	0.1537185824	1.895220927	500.0000000	8.734352182	90.00000000	0.4561992784	332.8463617	41.07484162
341.5034983	279.0000000	90.00000000	0.2591112059	3.863920872	52.23095772	51.21953746	90.00000000	5.791820503e-07	57.42329224	37.41243271
341.2498188	279.0000000	90.00000000	0.1053733450	2.149967398	500.0000000	8.243015565	90.00000000	0.4635566391	340.7520338	40.65459356
341.7974986	279.0000000	90.00000000	0.1395439059	2.254397470	500.0000000	8.628221244	90.00000000	0.4629980807	325.7497892	41.39779231
341.5479727	279.0000000	90.00000000	0.08866331356	1.940759522	500.0000000	8.402974087	90.00000000	0.4658542934	336.3173641	41.06578792
341.3083334	279.0000000	90.00000000	0.07708132490	2.094143411	500.0000000	8.405485305	90.00000000	0.4694123442	327.0998370	41.62898149
341.6274229	279.0000000	90.00000000	0.2089991174	2.403055082	500.0000000	8.837790484	90.00000000	0.4530762507	332.5259846	40.75444633
341.6133658	279.0000000	90.00000000	0.1374922999	2.198543259	500.0000000	8.703924908	90.00000000	0.4640885135	319.6683306	41.87534926
341.4520863	279.0000000	90.00000000	0.04778971582	2.925286156	500.0000000	8.055438004	90.00000000	0.4758495977	331.2676926	41.18586271
341.4317195	279.0000000	90.00000000	0.1504787676	1.742387595	500.0000000	8.574847342	90.00000000	0.4564558258	342.7132108	40.60013860
341.6318881	279.0000000	90.00000000	0.1652233414	2.401342395	500.0000000	8.693237840	90.00000000	0.4605047632	325.9604196	41.25221327
341.3461454	279.0000000	85.95508254	0.000000000	2.062673598	500.0000000	8.024998709	90.00000000	0.4748135221	330.8502807	41.62314247
341.5066920	279.0000000	90.00000000	0.1413483069	1.850557767	500.0000000	8.475411824	90.00000000	0.4551733785	342.6210356	40.46557641
341.8005005	279.0000000	90.00000000	0.1025005902	1.952778901	500.0000000	8.641717669	90.00000000	0.4646363633	327.4912634	41.55818355
341.4474693	279.0000000	90.00000000	0.1804383469	1.939060716	500.0000000	8.765231255	90.00000000	0.4533962125	333.4831501	40.85134147
341.6167729	279.0000000	90.00000000	0.1541524299	2.244280138	500.0000000	8.423203612	90.00000000	0.4582629292	339.0157130	40.62925619
341.3048306	279.0000000	90.00000000	0.1311522313	2.053067925	500.0000000	8.516626108	90.00000000	0.4617813888	328.9400005	41.38991135
341.3352199	279.0000000	90.00000000	0.1543932430	1.933943777	500.0000000	8.595569285	90.00000000	0.4574379744	338.0614842	40.77239082
341.3201661	279.0000000	90.00000000	0.1344753392	2.097437863	500.0000000	8.517071332	90.00000000	0.4614775740	335.9013769	40.95140679
341.4858328	279.0000000	90.00000000	0.1689018079	1.750331890	500.0000000	8.549086816	90.00000000	0.4512337503	346.9141949	40.24447587
341.3523719	279.0000000	90.00000000	0.08571994622	2.364172210	500.0000000	8.403022837	90.00000000	0.4712201999	326.8333510	41.57019129
341.3897753	279.0000000	90.00000000	0.1868892537	1.841657069	500.0000000	8.596605561	90.00000000	0.4491790463	347.9205604	40.00518586
341.5034960	279.0000000	90.00000000	0.2591112862	3.863926738	52.23077000	51.21963692	90.00000000	1.103288748e-06	57.42345468	37.41234685
341.5034991	279.0000000	90.00000000	0.2591109561	3.863924914	52.23085600	51.21959280	0.000000000	7.461648030e-07	57.42329627	37.41240060
341.6514976	279.0000000	90.00000000	0.1586003916	2.004703673	500.0000000	8.541195721	90.00000000	0.4549146919	339.3790675	40.59380851
341.6525534	279.0000000	90.00000000	0.1353110382	1.935106388	500.0000000	8.551103107	90.00000000	0.4595955023	336.3392143	40.92143940
341.4528251	279.0000000	90.00000000	0.1053721204	2.092750344	500.0000000	8.635152567	90.00000000	0.4673804089	322.3621274	41.88449259
341.4927870	279.0000000	90.00000000	0.1512782826	1.841971143	500.0000000	8.589528168	90.00000000	0.4546206048	342.0967755	40.44580287
341.6079635	279.0000000	90.00000000	0.09213843213	2.017325165	500.0000000	8.278245645	90.00000000	0.4608395017	341.0746714	40.67160987
341.6747957	279.0000000	90.00000000	0.1292821470	2.128315607	500.0000000	8.475007252	90.00000000	0.4624831334	334.6614197	41.01404934
341.4939783	279.0000000	90.00000000	0.1506045971	1.943625798	500.0000000	8.519182692	90.00000000	0.4585695715	337.8756072	40.85646837
341.4635117	279.0000000	90.00000000	0.1263466788	1.865300389	500.0000000	8.529482972	90.00000000	0.4605022839	337.7368721	40.89374521
341.8684405	279.0000000	90.00000000	0.1079753268	2.229385423	500.0000000	8.289260241	90.00000000	0.4639575467	337.1166256	40.82948883
341.5243479	279.0000000	90.00000000	0.1160732102	2.170632201	500.0000000	8.641423292	90.00000000	0.4657157568	321.3688921	41.82076403
341.3830468	279.0000000	90.00000000	0.08055986803	1.988262487	500.0000000	8.761323208	90.00000000	0.4706261940	317.8478703	42.18006129
341.6184454	279.0000000	90.00000000	0.1574944004	1.920735433	500.0000000	8.657804443	90.00000000	0.4561756722	336.7347579	40.78342877
341.5949013	279.0000000	90.00000000	0.1777980383	1.986120650	500.0000000	8.579233241	90.00000000	0.4537978541	342.0878487	40.36093950
341.5034973	279.0000000	90.00000000	0.2591112695	3.863922055	52.23093098	51.21955572	90.00000000	4.368257728e-06	57.42322393	37.41242919
341.7727772	279.0000000	90.00000000	0.1651543488	2.114164145	500.0000000	8.501856568	90.00000000	0.4537842954	343.0835434	40.24261194
341.4066845	279.0000000	90.00000000	0.1353851605	2.003559592	500.0000000	8.568347794	90.00000000	0.4604448325	331.9903867	41.18999038
341.1868355	279.0000000	90.00000000	0.1448232448	2.367987883	500.0000000	8.513428100	90.00000000	0.4632540264	330.8408392	41.10013503
341.6398169	279.0000000	90.00000000	0.1611616393	2.168353770	500.0000000	8.548596601	90.00000000	0.4582393660	336.6340273	40.81212095
341.6788488	279.0000000	90.00000000	0.1593632927	2.357397458	500.0000000	8.488218059	90.00000000	0.4610678151	332.2096963	41.00602681
341.3102899	279.0000000	90.00000000	0.1494457416	2.236948769	500.0000000	8.472234454	90.00000000	0.4579313225	336.1176447	40.78752112
341.5034982	279.0000000	90.00000000	0.2591108617	3.863921615	52.23091477	51.21956394	90.00000000	8.127142118e-07	57.42316143	37.41243609
341.5034985	279.0000000	90.00000000	0.2591121504	3.863929013	52.23078162	51.21962776	90.00000000	9.217030286e-06	57.42328195	37.41236059
341.4545491	279.0000000	90.00000000	0.2000366272	1.868308886	500.0000000	8.755452057	90.00000000	0.4505757719	341.3105815	40.40714813
341.3053162	279.0000000	90.00000000	0.1559065527	2.250099651	500.0000000	8.562979486	90.00000000	0.4589211054	332.5714985	40.98945467
341.0019846	279.0000000	90.00000000	0.02377866086	3.031346800	500.0000000	7.980607834	90.00000000	0.4819825322	331.4820181	41.37279315
341.4037115	279.0000000	90.00000000	0.1352681296	2.112138100	500.0000000	8.540585122	90.00000000	0.4595619714	334.3969559	40.91969140
341.2820474	279.0000000	90.00000000	0.1063373967	2.118164130	500.0000000	8.575818300	90.00000000	0.4681172759	324.5053721	41.81836967
341.5215420	279.0000000	90.00000000	0.1625714085	1.863306052	500.0000000	8.554626147	90.00000000	0.4528457625	342.6941325	40.38643158
341.4015291	279.0000000	90.00000000	0.1193158526	2.021364612	500.0000000	8.562061932	90.00000000	0.4631661927	332.7709628	41.17596600
341.5430899	279.0000000	90.00000000	0.1481472138	1.918755010	500.0000000	8.791003978	90.00000000	0.4615360670	326.0313406	41.48206195
341.4277728	279.0000000	90.00000000	0.1210398994	2.013379235	500.0000000	8.393384487	90.00000000	0.4619533644	340.1464049	40.77168863
341.7377961	279.0000000	90.00000000	0.1581981816	1.886706637	500.0000000	8.546312712	90.00000000	0.4568959368	345.5225852	40.44782425
341.1810430	279.0000000	90.00000000	0.07736731209	2.285065222	500.0000000	8.495674969	90.00000000	0.4738078328	322.3513839	41.87335052
341.7028951	279.0000000	90.00000000	0.1074319716	1.988328770	500.0000000	8.318954262	90.00000000	0.4614166050	340.6931613	40.69477126
341.3725447	279.0000000	90.00000000	0.1521562936	2.252743034	500.0000000	8.278960413	90.00000000	0.4560089526	344.0638501	40.28260731
341.6941997	279.0000000	90.00000000	0.2123112793	1.942639251	500.0000000	8.912724043	90.00000000	0.4509473264	336.4558789	40.67709270
341.5034973	279.0000000	90.00000000	0.2591111936	3.863926883	52.23078487	51.21963212	90.00000000	1.017776260e-06	57.42341776	37.41235540
341.4101459	279.0000000	90.00000000	0.1914385767	1.891266689	500.0000000	8.742220116	90.00000000	0.4501373235	341.6871659	40.41974851
341.3732900	279.0000000	90.00000000	0.1303132642	1.892644599	500.0000000	8.534782571	90.00000000	0.4599757080	336.0622698	40.99174494
341.5130156	279.0000000	90.00000000	0.05683458122	2.104982166	500.0000000	8.203227189	90.00000000	0.4696349207	332.6045831	41.32872345
341.7825396	279.0000000	90.00000000	0.1766558729	2.087786473	500.0000000	8.789031199	90.00000000	0.4561900449	329.6355503	41.15114497
341.5339372	279.0000000	90.00000000	0.1288292894	1.806748576	500.0000000	8.654803417	90.00000000	0.4609089545	332.4333356	41.18683868
341.7074296	279.0000000	90.00000000	0.1122133603	1.911257118	500.0000000	8.319464290	90.00000000	0.4590412874	343.6913305	40.55109451
341.3838564	279.0000000	90.00000000	0.1018385583	1.885865506	500.0000000	8.645481721	90.00000000	0.4689535448	326.9669728	41.73938047
341.4668470	279.0000000	90.00000000	0.1839186881	1.957482966	500.0000000	8.866464008	90.00000000	0.4534823218	332.1052410	40.84176131
341.5400830	279.0000000	90.00000000	0.1065616881	2.140364541	500.0000000	8.481810545	90.00000000	0.4668232325	328.2722003	41.52686149
341.4459341	279.0000000	90.00000000	0.1416972382	1.889145659	500.0000000	8.505973671	90.00000000	0.4581623103	339.2762973	40.76958202
341.5628802	279.0000000	90.00000000	0.1491868431	1.769110958	500.0000000	8.528188965	90.00000000	0.4533239640	343.9746355	40.38478698
341.2823990	279.0000000	90.00000000	0.09838712394	2.279138413	500.0000000	8.413767879	90.00000000	0.4679765097	326.3569430	41.53362436
341.3535791	279.0000000	90.00000000	0.1548320345	1.983393623	500.0000000	8.623253650	90.00000000	0.4563856314	334.5524448	40.92911046
341.2697573	279.0000000	90.00000000	0.1571484436	2.031104428	500.0000000	8.407551093	90.00000000	0.4560021718	343.5684487	40.41314371
341.6261285	279.0000000	90.00000000	0.07996042497	1.907045682	500.0000000	8.506340809	90.00000000	0.4676925621	331.0522945	41.43113533
341.5059004	279.0000000	90.00000000	0.1440549104	1.999455699	500.0000000	8.705718418	90.00000000	0.4610607188	327.2247971	41.48749013
341.2510503	279.0000000	90.00000000	0.1366836632	2.290711987	500.0000000	8.440615456	90.00000000	0.4601080196	337.1504967	40.71457397
341.5034980	279.0000000	90.00000000	0.2591117990	3.863917701	52.23110448	51.21945785	90.00000000	8.371462222e-07	57.42342204	37.41245909
341.2605487	279.0000000	90.00000000	0.09901022385	2.547061881	500.0000000	8.232488482	90.00000000	0.4655537426	335.7138584	40.91225903
341.4376797	279.0000000	90.00000000	0.1415004157	1.838246356	500.0000000	8.765231453	90.00000000	0.4584270755	332.0730610	41.13041523
341.2979079	279.0000000	90.00000000	0.1148870698	2.112294391	500.0000000	8.592561197	90.00000000	0.4642325955	324.9240641	41.56733100
341.6518557	279.0000000	90.00000000	0.1375521943	2.940021253	500.0000000	8.421250299	90.00000000	0.4666083568	332.4469053	40.92655024
341.7980216	279.0000000	90.00000000	0.09898398190	2.327791968	500.0000000	8.464664974	90.00000000	0.4690300327	324.2204597	41.73011666
341.3742459	279.0000000	90.00000000	0.07129603514	2.279865132	500.0000000	8.019998317	90.00000000	0.4659508128	345.3100844	40.46805198
341.4345965	279.0000000	90.00000000	0.1569742641	1.798586036	500.0000000	8.681547023	90.00000000	0.4567605293	339.3920363	40.83897931
341.6507166	279.0000000	90.00000000	0.1127032623	2.062947388	500.0000000	8.422648808	90.00000000	0.4637760897	333.1650156	41.16000417
341.5555029	279.0000000	90.00000000	0.1550293741	1.869913814	500.0000000	8.862834495	90.00000000	0.4580801255	329.1263199	41.24562727
341.3443742	279.0000000	90.00000000	0.08814005990	2.380243284	500.0000000	8.348111356	90.00000000	0.4708474218	328.7411253	41.44756067
341.3735258	279.0000000	90.00000000	0.1204503139	2.096929032	500.0000000	8.632254494	90.00000000	0.4680517006	321.4596464	41.94067463
341.3040083	279.0000000	90.00000000	0.1152338968	1.902346465	500.0000000	8.565291636	90.00000000	0.4633702541	330.5551214	41.46890780
341.3086817	279.0000000	90.00000000	0.1556252840	2.047099265	500.0000000	8.485398729	90.00000000	0.4566564122	339.6700282	40.65113796
341.7186116	279.0000000	90.00000000	0.07789505799	2.549395185	500.0000000	8.333912981	90.00000000	0.4765324601	321.9609090	41.94289812
341.3996948	279.0000000	90.00000000	0.09814250010	2.013926802	500.0000000	8.468365583	90.00000000	0.4636776886	329.8014638	41.30145920
341.5722499	279.0000000	90.00000000	0.1628450156	1.933485031	500.0000000	8.809131000	90.00000000	0.4573960332	331.0035325	41.15273004
341.2441404	279.0000000	90.00000000	0.1133500618	1.963115724	500.0000000	8.643554161	90.00000000	0.4634281777	326.7334132	41.52041702
341.6736837	279.0000000	90.00000000	0.1335016862	1.885838781	500.0000000	8.509747554	90.00000000	0.4575438560	343.5267761	40.40361600
341.6084420	279.0000000	90.00000000	0.2050193293	2.014336029	500.0000000	8.801342058	90.00000000	0.4524919091	337.7661292	40.62346477
341.5727788	279.0000000	90.00000000	0.1846668061	1.896525821	500.0000000	8.761830713	90.00000000	0.4544906049	337.5278817	40.78234590
341.4196164	279.0000000	90.00000000	0.1990431930	1.974853973	500.0000000	8.725409938	90.00000000	0.4507164931	339.8093360	40.47358477
341.5915719	279.0000000	90.00000000	0.1098296654	1.927014439	500.0000000	8.731366123	90.00000000	0.4677396691	323.1795804	41.90040452
341.2903087	279.0000000	90.00000000	0.1446781523	2.391518189	500.0000000	8.151427175	90.00000000	0.4560100080	350.0911748	39.88618761
341.4572291	279.0000000	90.00000000	0.1315735672	2.043490032	500.0000000	8.475567273	90.00000000	0.4605668337	335.8463087	40.93186309
341.5483692	279.0000000	90.00000000	0.1531558053	2.124533289	500.0000000	8.332247081	90.00000000	0.4534206061	346.9910734	40.06887339
341.6493784	279.0000000	90.00000000	0.1697033477	2.069618114	500.0000000	8.487995761	90.00000000	0.4537812560	341.8110671	40.42354299
341.6385040	279.0000000	90.00000000	0.1757750581	1.907286499	500.0000000	8.743560506	90.00000000	0.4545535471	335.5964202	40.82575147
341.8364555	279.0000000	90.00000000	0.1195923934	2.223754350	500.0000000	8.527764694	90.00000000	0.4648970483	329.3908345	41.30607990
341.5460040	279.0000000	90.00000000	0.1315880633	1.971921314	500.0000000	8.734290904	90.00000000	0.4623843136	325.2338401	41.64047263
341.6705851	279.0000000	90.00000000	0.1125272396	2.444723150	500.0000000	8.511312733	90.00000000	0.4676472760	321.4163316	41.71342817
341.7307884	279.0000000	90.00000000	0.1253632559	1.957156329	500.0000000	8.607952782	90.00000000	0.4637959159	330.0434088	41.36480693
341.4550667	279.0000000	90.00000000	0.1845990711	2.051558493	500.0000000	8.687808780	90.00000000	0.4544535354	335.1448890	40.78224597
341.5996370	279.0000000	90.00000000	0.1429438375	2.052042439	500.0000000	8.679140372	90.00000000	0.4600664201	329.2576325	41.25420347
341.7295916	279.0000000	90.00000000	0.09738178606	2.487069416	500.0000000	8.306715599	90.00000000	0.4691936580	331.3991048	41.21418569
341.5856999	279.0000000	90.00000000	0.09689213912	1.930755301	500.0000000	8.524836179	90.00000000	0.4660832615	331.6502363	41.34234792
341.3548267	279.0000000	90.00000000	0.1759947470	1.955795346	500.0000000	8.612815474	90.00000000	0.4531921007	336.3366416	40.78421632
341.8017208	279.0000000	90.00000000	0.09421577341	2.521900775	500.0000000	8.252868849	90.00000000	0.4695955562	332.1245393	41.15646139
341.5322027	279.0000000	90.00000000	0.1632931486	2.274853643	500.0000000	8.351587559	90.00000000	0.4572493567	344.3652151	40.31031260
341.7051113	279.0000000	90.00000000	0.1518349295	1.968653177	500.0000000	8.447654325	90.00000000	0.4543850328	341.6138306	40.51490695
341.5982050	279.0000000	90.00000000	0.1544029862	1.830805928	500.0000000	8.623630639	90.00000000	0.4572890404	336.8525858	40.94867824
341.6746799	279.0000000	90.00000000	0.09908847164	2.342666027	500.0000000	8.480557794	90.00000000	0.4707975939	325.1056330	41.71678167
341.5034984	279.0000000	90.00000000	0.2591124133	3.863918144	52.23114670	51.21943050	90.00000000	1.056416851e-06	57.42365673	37.41243572
341.7532921	279.0000000	90.00000000	0.09069737224	2.096465691	500.0000000	8.219167704	90.00000000	0.4659295971	337.3076189	41.03293440
341.7070917	279.0000000	90.00000000	0.1170435592	2.320734875	500.0000000	8.436711408	90.00000000	0.4644178224	332.0617267	41.12935080
341.4882856	279.0000000	90.00000000	0.1230581495	1.813307433	500.0000000	8.715485098	90.00000000	0.4626505849	328.4765943	41.53757412
341.5034985	279.0000000	90.00000000	0.2591114541	3.863918683	52.23118163	51.21940196	90.00000000	7.037308668e-07	57.42336389	37.41250149
341.2446822	279.0000000	90.00000000	0.1329167925	2.548421604	500.0000000	8.393582210	90.00000000	0.4643781349	330.7994929	41.11116062
341.3762658	279.0000000	90.00000000	0.1795576893	2.074062120	500.0000000	8.908663560	90.00000000	0.4581686728	328.8771642	41.17233941
341.5034990	279.0000000	90.00000000	0.2591127759	3.863918466	52.23122219	51.21937672	90.00000000	1.787206931e-06	57.42384733	37.41244783
341.6596310	279.0000000	90.00000000	0.1180498426	2.056639423	500.0000000	8.452184586	90.00000000	0.4612653985	336.1550217	40.94387683
341.9311255	279.0000000	90.00000000	0.1975935296	1.690226864	500.0000000	8.541040493	90.00000000	0.4467254094	354.4167637	39.79195583
341.6569583	279.0000000	90.00000000	0.1455394462	2.188904090	500.0000000	8.691790257	90.00000000	0.4622710274	326.0632475	41.45754008
341.4671371	279.0000000	90.00000000	0.1948313858	2.040891661	500.0000000	8.702600774	90.00000000	0.4523202260	337.0926994	40.68015802
341.7726971	279.0000000	90.00000000	0.1123167061	2.224115135	500.0000000	8.690399543	90.00000000	0.4700198351	318.0543414	42.10559175
341.6967947	279.0000000	90.00000000	0.1194317716	2.033023108	500.0000000	8.523026936	90.00000000	0.4634395283	330.4008742	41.35741711
341.3790318	279.0000000	90.00000000	0.1613552021	1.877532234	500.0000000	8.550637578	90.00000000	0.4539608349	339.6355911	40.63580333
341.3087661	279.0000000	90.00000000	0.1587058686	2.227767851	500.0000000	8.571995121	90.00000000	0.4608570483	334.1488728	40.87501964
341.5034923	279.0000000	90.00000000	0.2591136053	3.863938391	52.23054883	51.21973646	90.00000000	8.990179588e-07	57.42474293	37.41208671
341.5034892	279.0000000	90.00000000	0.2591143384	3.863950836	52.23019858	51.21990697	90.00000000	8.642260777e-07	57.42547869	37.41186843
341.7063257	279.0000000	90.00000000	0.09168266372	2.256086576	500.0000000	8.418876834	90.00000000	0.4663739613	330.6011382	41.29986556
341.5988819	279.0000000	90.00000000	0.1661516798	1.879529232	500.0000000	8.432857035	90.00000000	0.4547410632	345.5104408	40.40122451
341.5008349	279.0000000	90.00000000	0.1316738221	1.944791889	500.0000000	8.641542148	90.00000000	0.4611380013	331.2639012	41.22406107
341.0558053	279.0000000	90.00000000	0.09977446864	2.412181852	500.0000000	8.303351199	90.00000000	0.4689500722	332.1696296	41.30454633
341.4234592	279.0000000	90.00000000	0.1645995592	1.827492999	500.0000000	8.565686334	90.00000000	0.4516666710	341.2477201	40.55445945
341.5589373	279.0000000	90.00000000	0.1590245963	1.894143384	500.0000000	8.586894006	90.00000000	0.4531079879	341.8686519	40.39224869
341.6189335	279.0000000	90.00000000	0.1764231287	1.786836263	500.0000000	8.869678331	90.00000000	0.4531451806	331.6614012	41.03844843
341.5341732	279.0000000	90.00000000	0.1310449023	1.947507534	500.0000000	8.659306889	90.00000000	0.4621172615	333.0029296	41.12685297
341.7253794	279.0000000	90.00000000	0.1524700752	2.027912779	500.0000000	8.548757492	90.00000000	0.4570247820	338.4274995	40.66209222
341.3753941	279.0000000	90.00000000	0.1236338737	2.391175701	500.0000000	8.404454904	90.00000000	0.4662054596	331.4265212	41.21263978
341.5689838	279.0000000	90.00000000	0.1222767165	2.332652573	500.0000000	8.552824805	90.00000000	0.4661068403	326.2475919	41.49308009
341.4837678	279.0000000	90.00000000	0.1089556984	1.894643293	500.0000000	8.759899835	90.00000000	0.4655062601	323.6851869	41.82683782
341.7047233	279.0000000	90.00000000	0.1442020762	1.990178694	500.0000000	8.400341728	90.00000000	0.4562929873	345.3379162	40.30194283
341.3924196	279.0000000	90.00000000	0.1277915931	2.098665985	500.0000000	8.622805953	90.00000000	0.4627199507	325.4448164	41.56141824
341.5650307	279.0000000	90.00000000	0.1422556032	2.110722321	500.0000000	8.685477519	90.00000000	0.4633999260	324.2900428	41.69820733
342.0795371	279.0000000	90.00000000	0.07104013520	3.663416013	500.0000000	7.958061880	90.00000000	0.4769873911	327.1970780	41.31401261
341.4143143	279.0000000	90.00000000	0.09617064790	2.023032082	500.0000000	8.557251344	90.00000000	0.4673381221	323.7526523	41.88263635
341.5034962	279.0000000	90.00000000	0.2591120277	3.863926197	52.23083878	51.21959838	90.00000000	7.105534484e-07	57.42373324	37.41232973
341.3172554	279.0000000	90.00000000	0.1065351098	2.105307342	500.0000000	8.448268070	90.00000000	0.4651035884	332.3700768	41.16547376
341.7146684	279.0000000	90.00000000	0.08718954575	1.986057473	500.0000000	8.426466109	90.00000000	0.4637169424	334.2218715	41.10376145
341.7639818	279.0000000	90.00000000	0.1402464128	2.380404205	500.0000000	8.700918406	90.00000000	0.4656557023	319.6687024	41.86745286
341.5808644	279.0000000	90.00000000	0.1650554718	1.868534009	500.0000000	8.668888372	90.00000000	0.4555058853	341.1424821	40.57042103
341.3184713	279.0000000	90.00000000	0.1306302817	2.266537814	500.0000000	8.518293851	90.00000000	0.4638511206	327.7846595	41.38538024
341.2040176	279.0000000	90.00000000	0.1268442181	2.528801006	500.0000000	8.603403028	90.00000000	0.4699624720	321.2976073	41.81636480
341.5424208	279.0000000	90.00000000	0.3577875759	5.000000000	37.28744387	59.72729626	3.552713679e-15	0.000000000	108.7927799	32.73125274
341.7054357	279.0000000	90.00000000	0.1255973068	2.117137213	500.0000000	8.565755612	90.00000000	0.4638971107	329.5593140	41.42762635
341.5190394	279.0000000	90.00000000	0.1105574180	2.715639300	500.0000000	8.279920453	90.00000000	0.4684292209	331.5668462	41.07885608
341.5558951	279.0000000	90.00000000	0.1411976713	1.857986602	500.0000000	8.669934749	90.00000000	0.4585374086	334.9480980	40.98618417
341.1993248	279.0000000	90.00000000	0.1232058954	2.299806631	500.0000000	8.409909936	90.00000000	0.4617517168	336.7213212	40.79051622
341.4340892	279.0000000	90.00000000	0.1624962467	2.077211986	500.0000000	8.653363780	90.00000000	0.4587319157	330.7289881	41.17958010
341.3806493	279.0000000	90.00000000	0.1558604701	1.878328956	500.0000000	8.833832527	90.00000000	0.4567091643	329.1815661	41.20998046
341.5279312	279.0000000	90.00000000	0.1394097770	1.977085260	500.0000000	8.563487928	90.00000000	0.4593264597	335.2202075	40.93125563
341.7757010	279.0000000	90.00000000	0.1213045934	2.322858127	500.0000000	8.536534439	90.00000000	0.4677759524	326.6776180	41.56256692
341.6541802	279.0000000	90.00000000	0.1843997474	1.956569789	500.0000000	8.594827662	90.00000000	0.4529804242	341.7560718	40.43839720
341.3408917	279.0000000	90.00000000	0.1482532789	2.004748434	500.0000000	8.685562140	90.00000000	0.4605467929	335.1176223	40.92831492
341.5503216	279.0000000	90.00000000	0.1422095592	1.815844858	500.0000000	8.665331648	90.00000000	0.4561777488	334.9597090	41.00117369
341.6134719	279.0000000	90.00000000	0.1830274946	2.257198434	500.0000000	8.515479558	90.00000000	0.4533778640	340.6705566	40.33914766
341.4955861	279.0000000	90.00000000	0.1517343508	1.926204218	500.0000000	8.598060365	90.00000000	0.4558984297	339.3331648	40.68687486
341.6246516	279.0000000	90.00000000	0.1456517284	1.868486397	500.0000000	8.409778992	90.00000000	0.4586841076	346.9776165	40.41677143
341.3027522	279.0000000	90.00000000	0.1199058771	2.015140309	500.0000000	8.585614463	90.00000000	0.4620143143	332.0190554	41.13321825
341.4392680	279.0000000	90.00000000	0.1375893513	1.930719104	500.0000000	8.588571333	90.00000000	0.4590436289	335.7754188	40.96982091
341.8075182	279.0000000	90.00000000	0.2096686124	2.017872780	500.0000000	8.795790875	90.00000000	0.4491998271	341.9631108	40.20902619
341.6875990	279.0000000	90.00000000	0.09375399038	2.147263362	500.0000000	8.496975449	90.00000000	0.4676139207	325.7020678	41.67923002
341.5220169	279.0000000	90.00000000	0.1361455052	2.011701499	500.0000000	8.419163311	90.00000000	0.4592892806	336.7928227	40.95364545
341.4280147	279.0000000	90.00000000	0.09627335160	2.193967854	500.0000000	8.555295979	90.00000000	0.4684038936	322.8343253	41.82681167
341.4118803	279.0000000	90.00000000	0.1625236876	1.888552209	500.0000000	8.830622344	90.00000000	0.4551060480	330.9467935	41.04482597
341.5780643	279.0000000	90.00000000	0.1264674799	1.957389798	500.0000000	8.725653842	90.00000000	0.4634420670	325.0599468	41.66288271
341.5035022	279.0000000	90.00000000	0.2591672224	3.863790472	52.24067382	51.21367742	90.00000000	9.133895988e-07	57.44364728	37.41283449
341.3832409	279.0000000	90.00000000	0.1115470044	2.416833454	500.0000000	8.159908507	90.00000000	0.4619181921	341.3876708	40.51925804
341.5229932	279.0000000	90.00000000	0.1704123931	2.020948839	500.0000000	8.654189861	90.00000000	0.4560121734	335.3630116	40.84477893
341.5647228	279.0000000	90.00000000	0.1016202463	2.084149533	500.0000000	8.779083506	90.00000000	0.4703511733	317.5596694	42.12961772
341.4574680	279.0000000	90.00000000	0.1227829860	2.113132395	500.0000000	8.749185866	90.00000000	0.4682183797	319.3137077	42.07689309
341.3576910	279.0000000	90.00000000	0.1898813274	2.056449767	500.0000000	8.441241501	90.00000000	0.4494728651	349.3934267	39.89485815
341.3057358	279.0000000	90.00000000	0.1965559203	1.956989957	500.0000000	8.613715245	90.00000000	0.4484793127	348.3525826	39.89666882
341.2846743	279.0000000	90.00000000	0.3481347358	4.343671032	44.27218085	57.34694158	3.552713679e-15	0.000000000	81.07690140	34.36801960
341.5434401	279.0000000	90.00000000	0.1357744132	1.965589389	500.0000000	8.721010641	90.00000000	0.4619223596	325.9172012	41.63448766
341.5999831	279.0000000	90.00000000	0.09632835552	2.207979219	500.0000000	8.436805363	90.00000000	0.4682113473	324.8936506	41.77595238
341.6292127	279.0000000	90.00000000	0.1429846944	1.981663873	500.0000000	8.489950029	90.00000000	0.4585456292	338.0086773	40.83100099
341.5465112	279.0000000	90.00000000	0.1512344501	1.962614927	500.0000000	8.635708924	90.00000000	0.4565201119	335.7382585	40.84031984
341.6797296	279.0000000	90.00000000	0.1747721839	1.984742401	500.0000000	8.921597350	90.00000000	0.4604037686	324.8738085	41.57701335
341.4873316	279.0000000	90.00000000	0.1760399527	1.756909367	500.0000000	8.661765993	90.00000000	0.4513573545	342.8304888	40.37322208
341.3713034	279.0000000	90.00000000	0.1654203283	1.855827403	500.0000000	8.591489509	90.00000000	0.4560577220	343.5050038	40.47223813
341.8724262	279.0000000	90.00000000	0.1117503038	2.439738124	500.0000000	8.213051670	90.00000000	0.4645548513	338.1479241	40.83002504
341.2723962	279.0000000	0.000000000	0.01403024565	2.518909584	500.0000000	8.161916969	90.00000000	0.4839027404	325.1267382	41.93400124
341.6486919	279.0000000	90.00000000	0.1662994837	2.107468888	500.0000000	8.288501127	90.00000000	0.4547528289	350.9422380	39.98223372
341.2220259	279.0000000	90.00000000	0.1454426975	2.124693054	500.0000000	8.494768008	90.00000000	0.4564859816	334.9606127	40.79118083
341.5171449	279.0000000	90.00000000	0.1867607379	1.947476665	500.0000000	8.767982371	90.00000000	0.4524287064	336.6675099	40.68581383
341.6515031	279.0000000	90.00000000	0.1508260019	1.918708413	500.0000000	8.299413426	90.00000000	0.4548076626	349.8750840	40.11112493
341.3555001	279.0000000	90.00000000	0.1248208006	1.886023677	500.0000000	8.492017207	90.00000000	0.4585042076	337.6301726	40.79919217
341.5034970	279.0000000	90.00000000	0.2591113100	3.863918053	52.23112762	51.21943741	90.00000000	9.201097186e-07	57.42327552	37.41249904
341.4444356	279.0000000	90.00000000	0.1515140769	1.837464877	500.0000000	8.598292531	90.00000000	0.4548074157	340.8155978	40.50905558
341.5035223	279.0000000	90.00000000	0.2591215997	3.864004200	52.22886661	51.22054809	90.00000000	1.148306768e-06	57.42987088	37.41082944
341.7028505	279.0000000	90.00000000	0.1786719246	2.044806802	500.0000000	8.691978780	90.00000000	0.4564819011	335.7404671	40.85312118
341.2386037	279.0000000	90.00000000	0.1637291891	1.991560669	500.0000000	8.680588400	90.00000000	0.4559053127	335.2388694	40.84052213
341.4011836	279.0000000	90.00000000	0.1106498869	2.320786977	500.0000000	8.411430702	90.00000000	0.4655635636	331.8858856	41.14287245
341.5847158	279.0000000	90.00000000	0.1680809935	1.799056827	500.0000000	8.684864797	90.00000000	0.4539101822	337.9324326	40.74762196
341.3528027	279.0000000	90.00000000	0.09941643429	3.633407928	500.0000000	7.972953922	90.00000000	0.4708467789	337.9056858	40.51280196
341.7672693	279.0000000	90.00000000	0.1467410998	2.292208975	500.0000000	8.302953178	90.00000000	0.4582608529	342.7645594	40.44547933
341.7279124	279.0000000	90.00000000	0.1465684169	2.170575094	500.0000000	8.640767413	90.00000000	0.4599674014	329.4484254	41.22432898
341.5938618	279.0000000	90.00000000	0.1606827242	1.926670945	500.0000000	8.648422850	90.00000000	0.4559982446	339.8073292	40.60433146
341.5034945	279.0000000	90.00000000	0.2591114142	3.863930299	52.23069168	51.21967555	90.00000000	1.438714526e-06	57.42359877	37.41229732
341.4497390	279.0000000	90.00000000	0.1541516297	1.979738206	500.0000000	8.750966400	90.00000000	0.4584871053	328.8948851	41.21879451
341.5466363	279.0000000	90.00000000	0.1667922337	1.778651964	500.0000000	8.754996791	90.00000000	0.4564562953	335.7789044	40.93591909
341.7889984	279.0000000	90.00000000	0.1043938042	2.377717896	500.0000000	8.692560474	90.00000000	0.4720201874	313.2526005	42.38010691
341.5034979	279.0000000	90.00000000	0.2591109727	3.863927335	52.23075339	51.21964863	90.00000000	7.673939666e-07	57.42335266	37.41235770
341.5034957	279.0000000	90.00000000	0.2591113296	3.863927181	52.23078291	51.21962660	90.00000000	7.155767476e-07	57.42350724	37.41234781
341.6695599	279.0000000	90.00000000	0.1568137461	2.282228509	500.0000000	8.630439414	90.00000000	0.4595940163	329.8045539	41.18782515
341.4360040	279.0000000	90.00000000	0.1254923821	2.296048713	500.0000000	8.252576787	90.00000000	0.4619190899	340.8333932	40.59786469
341.3396551	279.0000000	90.00000000	0.09903995417	2.167693136	500.0000000	8.645892848	90.00000000	0.4681407174	320.3049068	41.90262201
341.7128716	279.0000000	90.00000000	0.1080139287	2.135293820	500.0000000	8.607077046	90.00000000	0.4670908448	323.5339367	41.81323838
341.7112278	279.0000000	90.00000000	0.1374147018	2.083166830	500.0000000	8.510702285	90.00000000	0.4600333653	335.4977859	40.93904246
341.6139864	279.0000000	90.00000000	0.06102772266	2.080089994	500.0000000	8.345177711	90.00000000	0.4693648087	329.9389932	41.48368685
341.7331577	279.0000000	90.00000000	0.1264315834	2.137041291	500.0000000	8.596196258	90.00000000	0.4650944213	327.7779714	41.47696661
341.3381476	279.0000000	90.00000000	0.1759803204	2.050527533	500.0000000	8.756550538	90.00000000	0.4575323257	332.3173719	41.06535907
341.5034968	279.0000000	90.00000000	0.2591117942	3.863933150	52.23061984	51.21971172	90.00000000	1.192953865e-06	57.42383163	37.41224602
341.5034984	279.0000000	90.00000000	0.2591112875	3.863919504	52.23108810	51.21946401	90.00000000	1.532339226e-06	57.42326595	37.41248432
341.5034972	279.0000000	90.00000000	0.2591138535	3.863913612	52.23138138	51.21928185	90.00000000	1.392426239e-06	57.42417583	37.41246373
341.8992049	279.0000000	90.00000000	0.09508047298	2.720388724	500.0000000	8.194882326	90.00000000	0.4699374223	333.8561305	41.05520764
341.6325366	279.0000000	90.00000000	0.1413438788	2.012563346	500.0000000	8.493299007	90.00000000	0.4591191240	337.7647490	40.88422589
341.7066510	279.0000000	90.00000000	0.1281502555	1.794252310	500.0000000	8.518669509	90.00000000	0.4591788764	340.7119429	40.77389618
341.6838204	279.0000000	90.00000000	0.1914938268	1.993807601	500.0000000	8.660138537	90.00000000	0.4500606521	341.1750567	40.27451035
341.7230809	279.0000000	90.00000000	0.1384098332	2.120406267	500.0000000	8.661490649	90.00000000	0.4640585563	327.1045985	41.52812991
341.7177479	279.0000000	90.00000000	0.1259606924	2.116843663	500.0000000	8.461033549	90.00000000	0.4612000671	335.0143626	40.95220776
342.0040698	279.0000000	90.00000000	0.000000000	3.302158184	500.0000000	7.453901123	90.00000000	0.4779730270	348.8041295	40.26339879
341.3914921	279.0000000	90.00000000	0.08618913506	2.013626344	500.0000000	8.668773686	90.00000000	0.4679918577	320.8426359	41.90181412
341.5034975	279.0000000	90.00000000	0.2591109495	3.863921069	52.23092893	51.21955569	90.00000000	1.324499306e-06	57.42316668	37.41243983
341.5932150	279.0000000	90.00000000	0.1230059661	1.862922284	500.0000000	8.652517693	90.00000000	0.4619715933	331.2337954	41.28820874
341.7008117	279.0000000	90.00000000	0.1605443730	2.268891396	500.0000000	8.560209633	90.00000000	0.4570240497	334.8520812	40.65946832
341.2989193	279.0000000	90.00000000	0.1574986480	1.896507756	500.0000000	8.451650616	90.00000000	0.4528492738	348.0399681	40.12723347
341.8230128	279.0000000	90.00000000	0.1278215023	1.924268307	500.0000000	8.229227738	90.00000000	0.4555464758	351.9074213	40.02452617
341.5494398	279.0000000	90.00000000	0.1642912231	1.940531375	500.0000000	8.607303656	90.00000000	0.4536364442	338.0120844	40.63746074
341.2709207	279.0000000	90.00000000	0.1093317991	2.604966657	500.0000000	8.491150682	90.00000000	0.4697810467	321.1087293	41.75177336
341.5587485	279.0000000	90.00000000	0.1694079517	1.887284150	500.0000000	8.597961875	90.00000000	0.4524048445	344.3702482	40.29551258
341.4894206	279.0000000	90.00000000	0.1109376015	2.137428672	500.0000000	8.790362848	90.00000000	0.4706608646	316.3281560	42.23603061
341.5448066	279.0000000	90.00000000	0.1919386909	2.017111419	500.0000000	8.643152671	90.00000000	0.4500666377	340.2533347	40.44638843
341.7819485	279.0000000	90.00000000	0.1544722247	2.262298612	500.0000000	8.332253790	90.00000000	0.4545749185	342.7964454	40.34780876
341.6426764	279.0000000	90.00000000	0.1046655705	2.130907038	500.0000000	8.438598061	90.00000000	0.4642807518	329.9688714	41.27651663
341.4612608	279.0000000	90.00000000	0.1371347359	1.945419960	500.0000000	8.699725006	90.00000000	0.4606657597	327.7671738	41.36541645
341.5187771	279.0000000	90.00000000	0.1435277515	1.872892368	500.0000000	8.556797971	90.00000000	0.4572631149	340.5896628	40.63405324
341.7316244	279.0000000	90.00000000	0.07246045382	2.340745999	500.0000000	8.239140437	90.00000000	0.4704305531	329.6405329	41.45333340
341.5515120	279.0000000	90.00000000	0.1334972482	1.937421253	500.0000000	8.739814341	90.00000000	0.4606618469	325.7901013	41.46667281
341.6764686	279.0000000	90.00000000	0.1650563479	1.823541194	500.0000000	8.584417910	90.00000000	0.4551224499	342.6922288	40.49488889
341.2083382	279.0000000	90.00000000	0.1818753578	2.289363006	500.0000000	8.765667851	90.00000000	0.4571974114	329.1159737	41.06112099
341.3630243	279.0000000	90.00000000	0.1554338099	2.112295962	500.0000000	8.457396546	90.00000000	0.4557042888	340.5588330	40.56637486
341.2961478	279.0000000	90.00000000	0.1877427068	3.586747352	423.8605129	9.050285791	90.00000000	0.4591224538	335.8255756	40.12886992
341.4177829	279.0000000	90.00000000	0.1425497476	1.788390761	500.0000000	8.651515571	90.00000000	0.4568321590	338.6955201	40.71470713
341.4561202	279.0000000	90.00000000	0.1584715321	1.890802441	500.0000000	8.586736224	90.00000000	0.4579684610	339.3853167	40.76828044
341.5034985	279.0000000	90.00000000	0.2591118243	3.863914785	52.23124734	51.21936999	90.00000000	8.295196428e-07	57.42340231	37.41251839
341.4510039	279.0000000	90.00000000	0.1591216330	1.951506874	500.0000000	8.781808909	90.00000000	0.4568779621	328.2824770	41.27985482
341.3519073	279.0000000	90.00000000	0.1825942849	2.198081458	500.0000000	8.624626144	90.00000000	0.4531499208	337.6102938	40.48489307
341.3275102	279.0000000	90.00000000	0.1372302088	2.034287806	500.0000000	8.601634498	90.00000000	0.4606640909	331.1209136	41.18104667
341.5814733	279.0000000	90.00000000	0.1010757243	1.881551474	500.0000000	8.645456331	90.00000000	0.4639237567	327.3991341	41.49698761
341.4311729	279.0000000	90.00000000	0.1335085586	2.283881287	500.0000000	8.353763983	90.00000000	0.4632907659	338.2247875	40.80216824
341.4076519	279.0000000	90.00000000	0.1586418138	1.950332913	500.0000000	8.554107304	90.00000000	0.4534761299	337.8324474	40.61277872
341.5037467	279.0000000	90.00000000	0.2591718301	3.864210368	52.22961132	51.22035815	90.00000000	1.131142715e-05	57.42507271	37.41078484
341.4811068	279.0000000	90.00000000	0.1268300761	1.934823377	500.0000000	8.614958385	90.00000000	0.4608492022	328.4181896	41.38730721
341.7879813	279.0000000	90.00000000	0.1347974494	2.316246278	500.0000000	8.361322156	90.00000000	0.4603474757	340.1724376	40.54072393
341.5034943	279.0000000	90.00000000	0.2591120683	3.863924926	52.23078804	51.21962860	0.000000000	2.313142026e-06	57.42371911	37.41230189
341.6290819	279.0000000	90.00000000	0.1449989392	1.990777381	500.0000000	8.613123974	90.00000000	0.4597514948	335.1716407	40.96883455
341.5381682	279.0000000	90.00000000	0.08034571107	2.146272980	500.0000000	8.534797273	90.00000000	0.4726907757	320.8009787	42.11131241
341.3613467	279.0000000	90.00000000	0.1278000418	1.824698928	500.0000000	8.598000332	90.00000000	0.4588832796	336.0341703	40.93345002
341.3196742	279.0000000	90.00000000	0.3763115800	4.266393548	44.29408249	58.38335515	3.552713679e-15	0.000000000	87.81645335	33.69393661
341.5965700	279.0000000	90.00000000	0.08411651672	2.412960195	500.0000000	8.179813247	90.00000000	0.4664232938	331.9473254	41.22699006
341.1602116	279.0000000	90.00000000	0.1109934193	2.288041479	500.0000000	8.561720199	90.00000000	0.4664423670	323.6062150	41.64994613
341.5052210	279.0000000	90.00000000	0.09974563262	2.187948694	500.0000000	8.545672338	90.00000000	0.4694198318	324.4788161	41.76871126
341.6785938	279.0000000	90.00000000	0.1200725874	1.991470289	500.0000000	8.574756264	90.00000000	0.4638116122	328.2154497	41.47063650
341.3572225	279.0000000	90.00000000	0.1008907591	2.425794481	500.0000000	8.480664534	90.00000000	0.4692338463	324.1389664	41.64580331
341.5121736	279.0000000	90.00000000	0.1430789539	1.937712900	500.0000000	8.638965707	90.00000000	0.4583200953	334.3517527	40.98158751
341.8710516	279.0000000	90.00000000	0.1703266180	1.784841909	500.0000000	8.440905950	90.00000000	0.4498811519	354.3469092	39.68909805
341.7406640	279.0000000	90.00000000	0.07264500040	2.263473114	500.0000000	8.458781355	90.00000000	0.4743689434	324.9867021	41.83562467
341.4544669	279.0000000	90.00000000	0.1487494993	2.222901377	500.0000000	8.723219562	90.00000000	0.4631357274	326.3132429	41.38385724
341.7845542	279.0000000	90.00000000	0.1235201142	1.968169579	500.0000000	8.490147630	90.00000000	0.4609480023	339.1133838	40.73834995
341.1484814	279.0000000	90.00000000	0.1300350200	2.254501620	500.0000000	8.613981247	90.00000000	0.4632965798	324.8623572	41.49122738
341.6816171	279.0000000	90.00000000	0.1286575901	2.318710590	500.0000000	8.569901751	90.00000000	0.4658608037	324.4098900	41.66864015
341.4559321	279.0000000	90.00000000	0.1396416546	1.955487062	500.0000000	8.552238172	90.00000000	0.4596944861	334.7696818	41.06857297
341.6796982	279.0000000	90.00000000	0.1085232944	2.193703876	500.0000000	8.495022606	90.00000000	0.4684077040	327.8332231	41.49901559
341.7469419	279.0000000	90.00000000	0.1756446575	2.108275838	500.0000000	8.693568482	90.00000000	0.4542038802	335.1376483	40.78487275
341.4311860	279.0000000	90.00000000	0.1653557101	1.929162493	500.0000000	8.809567187	90.00000000	0.4566663892	329.8564986	41.18599781
341.3330105	279.0000000	90.00000000	0.1715606982	1.790355696	500.0000000	8.606427328	90.00000000	0.4511820529	344.8773701	40.29146913
341.8897649	279.0000000	90.00000000	0.1035037624	2.737096691	500.0000000	7.940325622	90.00000000	0.4642694473	347.3787379	40.19495174
341.4506937	279.0000000	90.00000000	0.1516983934	1.870292060	500.0000000	8.702254826	90.00000000	0.4576873946	333.8849974	40.98154736
341.2257953	279.0000000	90.00000000	0.1047526760	2.458773661	500.0000000	8.269153953	90.00000000	0.4668452644	331.9365198	41.17940442
341.2315418	279.0000000	90.00000000	0.1837311937	1.933497122	500.0000000	8.709008880	90.00000000	0.4517312231	340.0310473	40.50099272
341.5011174	279.0000000	90.00000000	0.09500849403	1.930321258	500.0000000	8.507854490	90.00000000	0.4653305974	331.5123363	41.37157781
341.7012513	279.0000000	90.00000000	0.05264882100	2.457142814	500.0000000	7.968811655	90.00000000	0.4696276475	339.4806874	40.89504976
341.4039695	279.0000000	90.00000000	0.1199136069	2.600676438	500.0000000	8.105069710	90.00000000	0.4606427580	342.3925355	40.38712500
341.5034980	279.0000000	90.00000000	0.2591112221	3.863918762	52.23105093	51.21948392	90.00000000	7.586878831e-07	57.42325042	37.41247201
341.3601615	279.0000000	90.00000000	0.1116042222	2.088792344	500.0000000	8.562255857	90.00000000	0.4668069700	325.5447869	41.66891694
340.9994346	279.0000000	90.00000000	0.04935804501	2.720670656	500.0000000	8.035638791	90.00000000	0.4762875235	332.5292772	41.29287134
341.3529855	279.0000000	90.00000000	0.1578921027	1.906105354	500.0000000	8.681982525	90.00000000	0.4553499080	335.4165484	40.86695222
341.3855942	279.0000000	90.00000000	0.08034588073	2.741256283	500.0000000	8.353162628	90.00000000	0.4764427718	318.2694420	42.10570392
341.4095033	279.0000000	90.00000000	0.1493010383	2.025864897	500.0000000	8.684375318	90.00000000	0.4609903392	327.6470236	41.40535194
341.6019184	279.0000000	90.00000000	0.1192116620	1.869437584	500.0000000	8.609934108	90.00000000	0.4619787846	330.1307218	41.29721143
341.5627470	279.0000000	90.00000000	0.1537036536	1.892937016	500.0000000	8.632861678	90.00000000	0.4566999378	338.9851054	40.66922280
341.4974442	279.0000000	90.00000000	0.1420606923	2.049022211	500.0000000	8.590221138	90.00000000	0.4596499079	332.7632955	41.04146891
341.6079028	279.0000000	90.00000000	0.1452164313	1.848453041	500.0000000	8.743660528	90.00000000	0.4595205598	332.6418026	41.16848160
341.3328201	279.0000000	90.00000000	0.1398457209	1.790202353	500.0000000	8.835345328	90.00000000	0.4582438561	333.4704298	41.02261426
341.5034959	279.0000000	90.00000000	0.2591115788	3.863924151	52.23084850	51.21959871	90.00000000	0.000000000	57.42354214	37.41235348
341.4710188	279.0000000	90.00000000	0.1443328316	2.124497778	500.0000000	8.558061446	90.00000000	0.4584327915	331.5838355	41.07218973
341.7910101	279.0000000	90.00000000	0.04487392309	2.486976775	500.0000000	8.209069066	90.00000000	0.4752545985	325.4383848	41.71943918
341.7861431	279.0000000	90.00000000	0.1592512735	2.095100820	500.0000000	8.372499643	90.00000000	0.4523579808	343.5923113	40.24824130
341.4507847	279.0000000	90.00000000	0.1709681814	1.945891841	500.0000000	8.484197134	90.00000000	0.4531447824	347.9123278	40.12977181
341.5035038	279.0000000	90.00000000	0.2591138250	3.863945204	52.23025871	51.21989180	90.00000000	6.863560984e-07	57.42509989	37.41193401
341.6475714	279.0000000	90.00000000	0.1232270763	2.120506810	500.0000000	8.644248917	90.00000000	0.4636668632	325.4763197	41.61323914
341.7485830	279.0000000	90.00000000	0.1257711503	1.851243465	500.0000000	8.433462488	90.00000000	0.4618829245	339.6911553	40.86305188
341.4835252	279.0000000	90.00000000	0.1748424510	2.003837524	500.0000000	8.709707138	90.00000000	0.4552605831	331.8660904	41.01877819
341.6099945	279.0000000	90.00000000	0.1031700336	2.086043088	500.0000000	8.627959594	90.00000000	0.4674534184	324.3081304	41.68367809
341.5830204	279.0000000	90.00000000	0.1521419564	1.897574856	500.0000000	8.729451541	90.00000000	0.4589923758	331.3710588	41.13957150
341.4360567	279.0000000	90.00000000	0.1454600852	2.030489040	500.0000000	8.606136564	90.00000000	0.4584030493	331.4028571	41.14304414
341.3587628	279.0000000	90.00000000	0.1631514523	1.821275739	500.0000000	8.271800136	90.00000000	0.4511266163	357.0826608	39.66469853
341.3589866	279.0000000	90.00000000	0.1860215499	1.778591690	500.0000000	8.432447323	90.00000000	0.4468430263	355.7246738	39.64901780
341.6325408	279.0000000	90.00000000	0.1241851877	1.985818827	500.0000000	8.599520315	90.00000000	0.4625897187	331.2307066	41.23689001
341.8999012	279.0000000	90.00000000	0.1081590014	2.197554434	500.0000000	8.257195803	90.00000000	0.4588781761	340.8473227	40.51939269
341.7070687	279.0000000	90.00000000	0.05605618056	2.069368687	500.0000000	8.392499584	90.00000000	0.4734954752	322.3828401	42.10194673
