# Best-fit model results for imfit 1.8.0 (OpenMP-enabled)
# Generated on Sun Nov 20 13:01:03 2022 by the following command:
#    imfit NGC5772_i.fits -c config_sersic_exp_moffat.dat --sky=203.02283 --gain=4.86 --readnoise=4.6225 --save-model=model-8.fits --save-residual=resid-8.fits --save-params=params-8.dat --bootstrap 500 --save-bootstrap=bootstrap_output_8.dat
#
#
#X0		341.5150
#Y0		279.0000
#FUNCTION Sersic
#PA		     90
#ell		0.179657
#n		1.95111
#I_e		    500
#r_e		9.45262
#FUNCTION Exponential
#PA		     90
#ell		0.44206
#I_0		111.923
#h		52.3203
#FUNCTION Moffat
#PA		     90
#ell		0.475777
#I_0		    100
#fwhm		113.131
#beta		144.332
#
# Bootstrap resampling output (500 iterations requested):
# X0_1		Y0_1		PA_1	ell_1	n_1	I_e_1	r_e_1	PA_2	ell_2	I_0_2	h_2	PA_3	ell_3	I_0_3	fwhm_3	beta_3	
341.3542274	279.0000000	90.00000000	0.2033745825	2.019345613	500.0000000	9.353559257	90.00000000	0.4380003330	118.8304698	51.39832979	90.00000000	0.4693131911	100.0000000	110.9499323	4710.208673
341.7117172	279.0000000	90.00000000	0.1629828302	2.224938667	500.0000000	9.235746531	90.00000000	0.4424754853	115.1876205	51.68556018	90.00000000	0.4805326622	100.0000000	111.5629204	39.80138088
341.6067967	279.0000000	90.00000000	0.1626539937	1.864788344	500.0000000	9.462646007	90.00000000	0.4448525722	110.0763491	52.55958418	90.00000000	0.4731818212	100.0000000	113.5747827	85.72354308
341.5461204	279.0000000	90.00000000	0.2015620052	1.750756309	500.0000000	9.423662082	90.00000000	0.4426367850	121.9278192	51.42924078	90.00000000	0.4669181665	100.0000000	110.5827256	4621.386276
341.4250377	279.0000000	90.00000000	0.2018353619	1.847824467	500.0000000	9.412878526	90.00000000	0.4413606263	120.5193896	51.26846162	90.00000000	0.4694189830	100.0000000	111.1706439	223.4816308
341.4285890	279.0000000	90.00000000	0.1993707037	1.834574698	500.0000000	9.355604423	90.00000000	0.4418784628	123.2288707	51.01268749	90.00000000	0.4660717904	100.0000000	109.9330576	80.21347864
341.5041675	279.0000000	90.00000000	0.1393521554	1.849337765	500.0000000	9.132875643	90.00000000	0.4548650688	121.5268625	51.67907337	90.00000000	0.4696324321	100.0000000	110.2720948	49.44832860
341.6283749	279.0000000	90.00000000	0.1051152830	2.150403213	500.0000000	8.996393598	90.00000000	0.4537018104	113.8193404	52.33299096	90.00000000	0.4847390817	100.0000000	112.4331812	31.33006043
341.4058560	279.0000000	90.00000000	0.1356753980	2.164926442	500.0000000	9.282455819	90.00000000	0.4530599303	108.3770201	53.13620643	90.00000000	0.4816233901	100.0000000	113.7066529	56.24323714
341.6938712	279.0000000	90.00000000	0.1799884216	2.099619416	500.0000000	9.506464575	90.00000000	0.4389729522	107.4771099	52.38725581	90.00000000	0.4780917050	100.0000000	114.1992242	74.06477576
341.4908501	279.0000000	90.00000000	0.1883010664	2.097819064	500.0000000	9.628003124	90.00000000	0.4449764566	102.5004897	53.60698771	90.00000000	0.4749603877	100.0000000	114.9407636	78.79328244
341.5293118	279.0000000	90.00000000	0.2097577921	1.780426276	500.0000000	9.678974092	90.00000000	0.4333258414	111.1941618	52.13181138	90.00000000	0.4731866483	100.0000000	113.9422357	4979.019868
341.3463295	279.0000000	90.00000000	0.1300132826	2.073562018	500.0000000	9.110220517	90.00000000	0.4465496703	118.2000377	51.59596611	90.00000000	0.4820532151	100.0000000	111.0534076	30.69642582
341.7121266	279.0000000	90.00000000	0.1801152082	1.812292485	500.0000000	9.370652227	90.00000000	0.4377370461	117.4904776	51.53119711	90.00000000	0.4763209721	100.0000000	112.4608890	332.0271565
341.7188841	279.0000000	90.00000000	0.06662535847	3.262398889	500.0000000	8.366974251	90.00000000	0.4736004497	191.8156728	46.34496808	90.00000000	0.4948535032	65.08013117	108.3398919	16080.99700
341.5208111	279.0000000	90.00000000	0.2389220073	1.813801851	500.0000000	9.477100612	90.00000000	0.4291056283	127.7049243	50.06239303	90.00000000	0.4680989275	100.0000000	109.5719291	3980.613263
341.5220506	279.0000000	90.00000000	0.1928853666	1.955450701	500.0000000	9.640824029	90.00000000	0.4347364499	106.0622986	52.87178775	90.00000000	0.4798807839	100.0000000	114.6800026	396.6657979
341.3641312	279.0000000	90.00000000	0.1476233129	2.036924145	500.0000000	9.097472445	90.00000000	0.4443934332	119.6488830	51.40211579	90.00000000	0.4801680090	100.0000000	110.7365180	27.75989239
341.5380421	279.0000000	90.00000000	0.03054865843	3.050489171	500.0000000	8.070203669	90.00000000	0.4857379940	214.2957406	45.16003728	90.00000000	0.4709477137	56.14460578	107.9254253	229.2015698
341.5507777	279.0000000	90.00000000	0.1949098715	1.957110985	500.0000000	9.370900765	90.00000000	0.4359264507	116.9342066	51.63650884	90.00000000	0.4735361117	100.0000000	111.8800373	236.5633378
341.5103088	279.0000000	90.00000000	0.2052057151	2.105141837	500.0000000	9.358108976	90.00000000	0.4383978197	119.9979311	51.15860308	90.00000000	0.4707911653	100.0000000	110.0171182	64.38660503
341.5099498	279.0000000	90.00000000	0.1700637024	2.104472815	500.0000000	9.199241985	90.00000000	0.4394655742	119.7594309	51.17717794	90.00000000	0.4780516451	100.0000000	110.3213147	34.94692035
341.6427070	279.0000000	90.00000000	0.1410488961	1.911949775	500.0000000	9.413807420	90.00000000	0.4478595863	105.0535692	53.45791356	90.00000000	0.4806983637	100.0000000	115.2512681	6172.545695
341.3606974	279.0000000	90.00000000	0.1524911262	2.177581521	500.0000000	9.245036958	90.00000000	0.4485485178	110.4600432	52.49402817	90.00000000	0.4812216864	100.0000000	113.0389476	31.50829379
341.6675470	279.0000000	90.00000000	0.1386226126	2.244814781	500.0000000	9.303841365	90.00000000	0.4516126912	106.5249359	53.04153796	90.00000000	0.4847895068	100.0000000	113.9891802	28.01229406
341.4894087	279.0000000	90.00000000	0.1705838267	2.394721865	500.0000000	9.249534221	90.00000000	0.4543743409	112.7356484	52.08280512	90.00000000	0.4742642561	100.0000000	111.1719584	20.61417662
341.5055172	279.0000000	90.00000000	0.1484690676	2.577476204	500.0000000	9.072162476	90.00000000	0.4474586131	116.0847656	51.33615481	90.00000000	0.4858049397	100.0000000	110.8571401	16.68340844
341.4278829	279.0000000	90.00000000	0.1514327433	1.938895356	500.0000000	9.366050285	90.00000000	0.4504969751	108.2078910	53.34970532	90.00000000	0.4743777274	100.0000000	113.8578439	12054.60563
341.6635497	279.0000000	90.00000000	0.1396036046	2.144532197	500.0000000	9.263626890	90.00000000	0.4436784093	110.8513083	52.25665598	90.00000000	0.4857513965	100.0000000	113.8076999	54.23951750
341.6551338	279.0000000	90.00000000	0.1400510533	2.847438038	500.0000000	8.934501292	90.00000000	0.4483400285	119.1455197	50.69004488	90.00000000	0.4923083470	100.0000000	110.0085055	12.34632423
341.6090478	279.0000000	90.00000000	0.1794308897	1.909835170	500.0000000	9.464375596	90.00000000	0.4463776750	109.3336385	52.48984027	90.00000000	0.4718838080	100.0000000	113.9824075	10674.28031
341.5233699	279.0000000	90.00000000	0.1501315647	2.428496979	500.0000000	9.185997719	90.00000000	0.4433149119	109.0504330	52.67468044	90.00000000	0.4871293556	100.0000000	112.7657779	30.87748541
341.6049993	279.0000000	90.00000000	0.2223419040	2.086797863	500.0000000	9.282415055	90.00000000	0.4353994762	128.3747534	49.86930079	90.00000000	0.4751210286	100.0000000	108.3031453	20.07100766
341.5755515	279.0000000	90.00000000	0.1942027393	2.044837658	500.0000000	9.507338014	90.00000000	0.4393852633	113.0294176	51.96750274	90.00000000	0.4759059974	100.0000000	111.9250286	45.59825157
341.0584689	279.0000000	90.00000000	0.1750977330	2.260080772	500.0000000	9.096012445	90.00000000	0.4403072827	126.4078004	49.87947711	90.00000000	0.4784854121	100.0000000	108.4498909	15.81899681
341.6033602	279.0000000	90.00000000	0.1705087458	2.117844078	500.0000000	9.471151173	90.00000000	0.4420700075	106.3025654	52.89035035	90.00000000	0.4824379821	100.0000000	114.5431208	57.59143185
341.2855679	279.0000000	90.00000000	0.2528791581	1.956421038	500.0000000	9.792293995	90.00000000	0.4274349333	112.7740360	51.56234947	90.00000000	0.4742929614	100.0000000	113.4871039	342.1003747
341.3865434	279.0000000	90.00000000	0.1753450782	1.803224043	500.0000000	9.512713488	90.00000000	0.4364673623	112.3157140	52.18712990	90.00000000	0.4772211892	100.0000000	112.9466657	90.71994780
341.4592415	279.0000000	90.00000000	0.08265270240	3.438346794	500.0000000	8.509303183	90.00000000	0.4801159757	196.2609419	45.91723577	90.00000000	0.4843764439	59.02491467	110.7707121	3057.759429
341.6754455	279.0000000	90.00000000	0.1821403281	1.780276464	500.0000000	9.584011876	90.00000000	0.4392973107	111.7032312	52.50295049	90.00000000	0.4725162599	100.0000000	112.7544712	21599.23597
341.7472169	279.0000000	90.00000000	0.1238682077	2.499800891	500.0000000	8.949229236	90.00000000	0.4504613488	119.0157746	50.97349525	90.00000000	0.4846861217	100.0000000	110.1405764	14.58340510
341.0453013	279.0000000	90.00000000	0.1650767020	2.355517951	500.0000000	9.208143716	90.00000000	0.4415524271	114.6830358	51.48198501	90.00000000	0.4876588761	100.0000000	111.6831259	21.10540351
341.6855017	279.0000000	90.00000000	0.1654715364	1.995894322	500.0000000	9.325390815	90.00000000	0.4429261229	114.5183052	51.77929490	90.00000000	0.4775258555	100.0000000	112.8095977	88.13761459
341.2821322	279.0000000	90.00000000	0.1637211051	2.307939626	500.0000000	9.196133433	90.00000000	0.4437035227	116.7232800	51.26379113	90.00000000	0.4824320512	100.0000000	111.6255355	20.48256246
341.3166465	279.0000000	90.00000000	0.2094361870	2.047935164	500.0000000	9.367911106	90.00000000	0.4379547836	119.0431754	51.33170449	90.00000000	0.4717971380	100.0000000	110.8388249	50.85946088
341.5707676	279.0000000	90.00000000	0.2217839055	1.935946443	500.0000000	9.582081787	90.00000000	0.4325190085	115.6014552	51.45563841	90.00000000	0.4735784327	100.0000000	112.4319481	175.5161577
341.5135996	279.0000000	90.00000000	0.1793491892	2.257169474	500.0000000	9.409548838	90.00000000	0.4398159665	111.3391533	51.78878405	90.00000000	0.4816700551	100.0000000	112.5615865	28.95839317
341.6516033	279.0000000	90.00000000	0.1965866261	1.840031569	500.0000000	9.524268387	90.00000000	0.4357694377	112.1550560	52.14532731	90.00000000	0.4717460927	100.0000000	113.2627527	652.5826505
341.7668426	279.0000000	90.00000000	0.1529514474	1.897480586	500.0000000	9.349669073	90.00000000	0.4534125852	110.4758090	52.95785252	90.00000000	0.4718255834	100.0000000	113.6768940	9810.250440
341.6372534	279.0000000	90.00000000	0.1979215553	1.939280413	500.0000000	9.703060541	90.00000000	0.4426941588	105.9324177	53.15115271	90.00000000	0.4725736542	100.0000000	114.4524209	46801.43226
341.7153651	279.0000000	90.00000000	0.1640995122	2.123403985	500.0000000	9.413767611	90.00000000	0.4424774604	107.0221042	52.91933241	90.00000000	0.4820004041	100.0000000	114.0485937	67.99348202
341.7326882	279.0000000	90.00000000	0.1679873652	1.971271359	500.0000000	9.309780600	90.00000000	0.4518609912	117.1881878	51.85654928	90.00000000	0.4713827537	100.0000000	110.9923115	33.38397136
341.3840593	279.0000000	90.00000000	0.1621527170	1.963196099	500.0000000	9.430055884	90.00000000	0.4403004217	109.1523862	52.70664962	90.00000000	0.4812040488	100.0000000	114.2560667	215.9223972
341.4767482	279.0000000	90.00000000	0.2262831033	1.798475345	500.0000000	9.509142093	90.00000000	0.4399125926	125.0182667	50.71356962	90.00000000	0.4641446496	100.0000000	109.8118698	396.8024714
341.5909351	279.0000000	90.00000000	0.2027105320	1.774054921	500.0000000	9.639795293	90.00000000	0.4362149691	113.4525810	51.97687710	90.00000000	0.4708442771	100.0000000	112.6911768	19454.19518
341.7635630	279.0000000	90.00000000	0.1683778639	2.041811973	500.0000000	9.233129911	90.00000000	0.4394727528	117.6037695	51.46228393	90.00000000	0.4804007624	100.0000000	111.6603046	32.58248469
341.3874704	279.0000000	90.00000000	0.1570744361	1.913175486	500.0000000	9.583443311	90.00000000	0.4445679866	101.1714916	53.93966333	90.00000000	0.4826960275	100.0000000	116.3550424	27074.92529
341.4999696	279.0000000	90.00000000	0.2232629526	1.770956060	500.0000000	9.337626313	90.00000000	0.4279789790	132.1695195	49.70522330	90.00000000	0.4747724472	100.0000000	108.8439203	4464.278860
341.4749532	279.0000000	90.00000000	0.1899251528	1.810673388	500.0000000	9.525373582	90.00000000	0.4369185833	111.8083811	52.23360170	90.00000000	0.4710473384	100.0000000	113.2660838	895.8532839
341.7239564	279.0000000	90.00000000	0.1889316005	1.904508608	500.0000000	9.373814214	90.00000000	0.4386699595	116.9207837	51.51640392	90.00000000	0.4746852201	100.0000000	111.9493070	134.1233524
341.5349918	279.0000000	90.00000000	0.1901787842	2.058633034	500.0000000	9.289893930	90.00000000	0.4385163891	118.9363212	51.11416197	90.00000000	0.4768355428	100.0000000	111.1130394	37.09739606
341.5619242	279.0000000	90.00000000	0.1514586452	1.907791843	500.0000000	9.317349328	90.00000000	0.4518134517	110.8459647	53.01364960	90.00000000	0.4768947789	100.0000000	113.5374798	5702.576789
341.5200887	279.0000000	90.00000000	0.1846280510	2.047764779	500.0000000	9.423630358	90.00000000	0.4367746154	113.6128076	51.92184140	90.00000000	0.4773718262	100.0000000	112.2513016	49.20931399
341.5918681	279.0000000	90.00000000	0.1866346777	1.770745271	500.0000000	9.421840714	90.00000000	0.4353563126	119.3368333	51.28596126	90.00000000	0.4768163523	100.0000000	112.0480516	5764.995244
341.5162383	279.0000000	90.00000000	0.1686979918	2.016092577	500.0000000	9.568450767	90.00000000	0.4418272092	102.9818399	53.59347630	90.00000000	0.4835552238	100.0000000	115.9286650	2888.671844
341.9100208	279.0000000	90.00000000	0.1989441793	2.006349182	500.0000000	9.324275488	90.00000000	0.4297088492	124.7613572	49.69677120	90.00000000	0.4780504688	100.0000000	109.8628003	18.47800920
341.5134992	279.0000000	90.00000000	0.2434575938	1.861475816	500.0000000	9.463255263	90.00000000	0.4247352920	128.9670756	49.58497522	90.00000000	0.4715815970	100.0000000	109.0925145	51.12535473
341.3631129	279.0000000	90.00000000	0.1237470473	1.927268023	500.0000000	9.295041706	90.00000000	0.4482478648	109.9532669	52.71666856	90.00000000	0.4824651682	100.0000000	113.8817178	104.6564327
341.8073819	279.0000000	90.00000000	0.1783984668	2.148875350	500.0000000	9.299371995	90.00000000	0.4505910037	116.4872608	51.46987219	90.00000000	0.4719921005	100.0000000	111.4794171	22.71122788
341.5912419	279.0000000	90.00000000	0.1770839983	1.936541242	500.0000000	9.499556601	90.00000000	0.4439244259	108.6752403	52.83765875	90.00000000	0.4740815365	100.0000000	114.1400790	5047.309016
341.5487871	279.0000000	90.00000000	0.1301391509	2.042696045	500.0000000	9.196311496	90.00000000	0.4502975646	114.8531967	51.84565288	90.00000000	0.4828206620	100.0000000	112.9333556	33.33008269
341.1341315	279.0000000	90.00000000	0.1607210067	2.156838091	500.0000000	9.379157726	90.00000000	0.4541443666	108.8212225	52.53728500	90.00000000	0.4772935448	100.0000000	113.5599867	26.64624725
341.4603397	279.0000000	90.00000000	0.1354414087	1.944546175	500.0000000	9.404754550	90.00000000	0.4480813034	105.8412008	53.17990280	90.00000000	0.4796242872	100.0000000	114.5581798	65.68495284
341.4815740	279.0000000	90.00000000	0.1887239324	1.873022074	500.0000000	9.579725949	90.00000000	0.4406690750	108.2113357	52.65947736	90.00000000	0.4714271746	100.0000000	113.9926364	4567.035987
341.4295555	279.0000000	90.00000000	0.1987903427	1.821189729	500.0000000	9.493765207	90.00000000	0.4419128682	114.2639911	52.17799876	90.00000000	0.4706428237	100.0000000	112.8547497	17540.55529
341.3768226	279.0000000	90.00000000	0.1852602605	1.857636072	500.0000000	9.596622246	90.00000000	0.4484878466	107.6475769	53.05765302	90.00000000	0.4697006541	100.0000000	114.3131874	11067.16825
341.3049030	279.0000000	90.00000000	0.1905631758	2.108593420	500.0000000	9.652092973	90.00000000	0.4374754495	104.0265145	53.17448681	90.00000000	0.4827651438	100.0000000	115.0569154	571.8549495
341.4153039	279.0000000	90.00000000	0.1847108964	1.805284574	500.0000000	9.359233536	90.00000000	0.4362551425	121.1600070	50.89057030	90.00000000	0.4775972123	100.0000000	111.7000358	43.63070458
341.5658330	279.0000000	90.00000000	0.1514664961	1.927830343	500.0000000	9.419709695	90.00000000	0.4420328080	106.8807999	53.09000087	90.00000000	0.4803829403	100.0000000	114.4307633	11104.66926
341.3594089	279.0000000	90.00000000	0.1508219679	1.871616247	500.0000000	9.482911039	90.00000000	0.4472199790	106.3299447	53.12131450	90.00000000	0.4769350420	100.0000000	114.8699048	185.9565327
341.6934177	279.0000000	90.00000000	0.1489673476	2.049732538	500.0000000	9.305952285	90.00000000	0.4433179461	110.9797489	51.99188466	90.00000000	0.4819265934	100.0000000	113.3183259	29.37574869
341.6340343	279.0000000	90.00000000	0.2087864660	1.865388811	500.0000000	9.385351678	90.00000000	0.4421001326	123.6160158	51.06735234	90.00000000	0.4651925397	100.0000000	109.5106674	127.2482866
341.4194447	279.0000000	90.00000000	0.2093752216	2.113500894	500.0000000	9.458976263	90.00000000	0.4351970360	116.5209150	51.16503411	90.00000000	0.4770400951	100.0000000	111.9946455	59.80209926
341.4274764	279.0000000	90.00000000	0.2018629133	1.735967365	500.0000000	9.435431515	90.00000000	0.4454744858	123.3398207	51.14884462	90.00000000	0.4633364531	100.0000000	109.9110875	100.2042186
341.3300369	279.0000000	90.00000000	0.1461750317	2.942335470	500.0000000	9.072840206	90.00000000	0.4585659728	112.4263910	51.36318737	90.00000000	0.4853614718	100.0000000	110.9046949	10.58138607
341.3845813	279.0000000	90.00000000	0.2059097651	2.203859542	500.0000000	9.394074730	90.00000000	0.4316094970	118.3590394	50.58054172	90.00000000	0.4822054136	100.0000000	111.6712954	21.74945595
341.5828665	279.0000000	90.00000000	0.1364917345	1.965873214	500.0000000	9.582166185	90.00000000	0.4622660935	95.10528675	55.31820329	90.00000000	0.4778163974	100.0000000	117.2433131	922.8172514
341.4910711	279.0000000	90.00000000	0.1737158361	1.888239441	500.0000000	9.417131276	90.00000000	0.4414669387	114.5914392	52.15862221	90.00000000	0.4768208428	100.0000000	112.5141880	122.4098482
341.2361656	279.0000000	90.00000000	0.1312000398	2.500608574	500.0000000	9.317380594	90.00000000	0.4603107547	100.7265019	54.28826104	90.00000000	0.4844912920	100.0000000	114.3666773	41.81913241
341.3591643	279.0000000	90.00000000	0.2251067312	1.845846904	500.0000000	9.569490191	90.00000000	0.4284536732	118.9104083	51.00245849	90.00000000	0.4741185223	100.0000000	111.9335801	109.3404444
341.6704260	279.0000000	90.00000000	0.1847080347	1.976832941	500.0000000	9.488619274	90.00000000	0.4519830733	108.8476952	53.14804209	90.00000000	0.4700646959	100.0000000	113.4436098	115.0076297
341.2299263	279.0000000	90.00000000	0.2335116804	2.050543959	500.0000000	9.635856724	90.00000000	0.4306289754	114.9281204	51.45275156	90.00000000	0.4737396814	100.0000000	112.2719594	202.3575197
341.4631483	279.0000000	90.00000000	0.1828967080	1.752271941	500.0000000	9.291955601	90.00000000	0.4388077691	124.1222590	51.00601478	90.00000000	0.4711271178	100.0000000	110.2376685	5767.271688
341.6469370	279.0000000	90.00000000	0.1410218033	2.205321894	500.0000000	9.172227247	90.00000000	0.4455565328	111.0859096	52.42312089	90.00000000	0.4830165817	100.0000000	113.1962255	58.90626888
341.6973534	279.0000000	90.00000000	0.1170507929	1.929846209	500.0000000	9.035024833	90.00000000	0.4468969574	121.7111865	51.36163806	90.00000000	0.4820745097	100.0000000	110.4515062	30.95458161
341.2337769	279.0000000	90.00000000	0.1293821839	2.851462712	500.0000000	8.638243813	90.00000000	0.4528043554	153.0571509	47.96535158	90.00000000	0.4891801065	86.85016664	108.1630895	17.49951133
341.3538758	279.0000000	90.00000000	0.1297172135	2.094825803	500.0000000	9.336814331	90.00000000	0.4499981858	101.9576905	54.02522963	90.00000000	0.4833924063	100.0000000	115.1696822	78.76932210
341.0946034	279.0000000	90.00000000	0.1401610131	2.612901863	500.0000000	8.910337374	90.00000000	0.4456918075	123.3247725	50.53403075	90.00000000	0.4871237132	100.0000000	108.9416882	14.31518154
341.4393161	279.0000000	90.00000000	0.1898083941	1.958095209	500.0000000	9.496653928	90.00000000	0.4352295052	111.9546193	51.71784626	90.00000000	0.4772132660	100.0000000	113.7824838	161.3728700
341.3586838	279.0000000	90.00000000	0.1855472652	2.059891724	500.0000000	9.243191709	90.00000000	0.4420381104	121.2871401	51.11170775	90.00000000	0.4737849894	100.0000000	110.1564694	39.00557734
341.6015489	279.0000000	90.00000000	0.1339853885	2.027252090	500.0000000	9.312536325	90.00000000	0.4514443617	111.5045875	52.50138877	90.00000000	0.4798991631	100.0000000	112.6748930	41.30962522
341.7133542	279.0000000	90.00000000	0.2185669430	1.862661360	500.0000000	9.616729012	90.00000000	0.4375336650	114.8387164	51.89970877	90.00000000	0.4723561514	100.0000000	112.5990122	18339.10638
341.8626340	279.0000000	90.00000000	0.2101726502	1.790416712	500.0000000	9.131248115	90.00000000	0.4414522794	134.5725000	49.89073139	90.00000000	0.4603544228	100.0000000	106.8604605	55.16163292
341.7263908	279.0000000	90.00000000	0.1782223070	1.994527360	500.0000000	9.507521028	90.00000000	0.4486031570	105.8653101	53.33798974	90.00000000	0.4721674205	100.0000000	114.2342808	5585.872687
341.6920775	279.0000000	90.00000000	0.2361456970	1.782374171	500.0000000	9.389817005	90.00000000	0.4266387633	131.2066915	49.55651488	90.00000000	0.4663773663	100.0000000	108.7488663	189.2506169
341.5413516	279.0000000	90.00000000	0.1953065664	1.932766345	500.0000000	9.614659262	90.00000000	0.4420592017	108.1112413	52.59322376	90.00000000	0.4730642966	100.0000000	114.1533744	533.8660892
341.6053391	279.0000000	90.00000000	0.2027287395	1.818916429	500.0000000	9.484902895	90.00000000	0.4394247476	118.0140289	51.59322057	90.00000000	0.4681570680	100.0000000	111.4780239	163.4148578
341.6728902	279.0000000	90.00000000	0.1549268250	2.288457631	500.0000000	9.323287913	90.00000000	0.4469555312	108.4899559	52.87648869	90.00000000	0.4827913777	100.0000000	113.5265792	81.05527218
341.6638419	279.0000000	90.00000000	0.1694262132	1.881369650	500.0000000	9.379600567	90.00000000	0.4301060371	115.8269602	51.30117872	90.00000000	0.4869064810	100.0000000	113.3665658	162.2967698
341.3760710	279.0000000	90.00000000	0.1690890633	1.875300765	500.0000000	9.587690624	90.00000000	0.4468589269	103.0092095	53.80413273	90.00000000	0.4755578278	100.0000000	115.2782018	1447.702187
341.6171810	279.0000000	90.00000000	0.1900160383	1.972085663	500.0000000	9.592432797	90.00000000	0.4423619723	105.8439548	53.14046497	90.00000000	0.4754512853	100.0000000	114.4386942	4412.290902
341.4100117	279.0000000	90.00000000	0.1798923205	2.275653458	500.0000000	9.113193407	90.00000000	0.4427019127	125.6933608	50.18828581	90.00000000	0.4762825710	100.0000000	108.9638980	18.56301767
341.4458346	279.0000000	90.00000000	0.1372957436	1.908298002	500.0000000	9.370037930	90.00000000	0.4485493779	110.1517585	52.91961124	90.00000000	0.4774864378	100.0000000	113.5196662	197.7531298
341.6683363	279.0000000	90.00000000	0.1904822498	1.928767357	500.0000000	9.575515950	90.00000000	0.4430669660	111.5971535	52.53112127	90.00000000	0.4725889488	100.0000000	112.7446411	7165.469346
341.6203866	279.0000000	90.00000000	0.1883150981	2.064640708	500.0000000	9.183125194	90.00000000	0.4332467780	124.2286137	50.62342695	90.00000000	0.4808401650	100.0000000	110.0119896	59.60096243
341.7266331	279.0000000	90.00000000	0.1690271820	2.222070057	500.0000000	9.248803072	90.00000000	0.4433843087	114.7747189	51.84099371	90.00000000	0.4846326298	100.0000000	112.5498329	39.72976828
341.3991770	279.0000000	90.00000000	0.1661724618	1.948426359	500.0000000	9.390857264	90.00000000	0.4411663002	112.0266787	52.23359014	90.00000000	0.4806583877	100.0000000	113.9063933	278.1922005
341.1957341	279.0000000	90.00000000	0.1264583799	2.399384038	500.0000000	9.197426766	90.00000000	0.4608890009	108.1074306	52.74868146	90.00000000	0.4850949169	100.0000000	113.2825812	18.65844847
341.3106905	279.0000000	90.00000000	0.1171439557	2.363037688	500.0000000	9.011365051	90.00000000	0.4557428911	114.9650944	51.99246693	90.00000000	0.4857920671	100.0000000	112.1873718	25.00967448
341.6191567	279.0000000	90.00000000	0.1998995286	1.731608223	500.0000000	9.390658354	90.00000000	0.4439995163	123.8432179	51.42205539	90.00000000	0.4603073686	100.0000000	109.3466398	10848.70888
341.4724600	279.0000000	90.00000000	0.1361166111	2.427610104	500.0000000	9.063326962	90.00000000	0.4487171233	115.7555138	51.28276065	90.00000000	0.4839493991	100.0000000	111.0155117	14.68557009
341.3386786	279.0000000	90.00000000	0.1815769184	2.053066428	500.0000000	9.132247084	90.00000000	0.4401909984	129.9295261	49.95045777	90.00000000	0.4730727174	100.0000000	108.1674465	24.19904671
341.5272654	279.0000000	90.00000000	0.1486978311	1.935777446	500.0000000	9.495006548	90.00000000	0.4560945716	103.8090606	53.79824316	90.00000000	0.4764227113	100.0000000	115.0440223	133.9620236
341.4602166	279.0000000	90.00000000	0.1848525887	2.082214459	500.0000000	9.439582075	90.00000000	0.4437753750	109.8602907	52.40120491	90.00000000	0.4802207170	100.0000000	113.7495276	86.56600853
341.3852751	279.0000000	90.00000000	0.1714001777	2.001814069	500.0000000	9.603242861	90.00000000	0.4385788787	102.2994669	53.58002030	90.00000000	0.4829531834	100.0000000	115.8419833	3734.709167
341.5888330	279.0000000	90.00000000	0.1435550374	2.367776377	500.0000000	9.121155787	90.00000000	0.4518563598	116.4585176	51.62419609	90.00000000	0.4803762504	100.0000000	110.6662631	19.74271223
341.3656169	279.0000000	90.00000000	0.1432137839	1.918726129	500.0000000	9.308432627	90.00000000	0.4444800289	112.9863646	52.25300403	90.00000000	0.4831303702	100.0000000	112.9048864	60.46024621
341.4596308	279.0000000	90.00000000	0.1737101986	1.961822787	500.0000000	9.505175568	90.00000000	0.4437568175	110.0943534	52.83585755	90.00000000	0.4757411169	100.0000000	113.1056116	346.2840293
341.3071145	279.0000000	90.00000000	0.1616899906	2.292716271	500.0000000	9.242831341	90.00000000	0.4479044162	112.4582662	52.34192196	90.00000000	0.4779632472	100.0000000	111.9637466	31.52628028
341.5807670	279.0000000	90.00000000	0.1961041699	1.876531343	500.0000000	9.402183964	90.00000000	0.4424297583	120.2024134	51.36406512	90.00000000	0.4725086285	100.0000000	110.9827818	85.56929880
341.8555811	279.0000000	90.00000000	0.09648257853	2.537569495	500.0000000	8.862309948	90.00000000	0.4511694240	117.0209894	50.90995304	90.00000000	0.4967898380	100.0000000	111.1679427	10.79827303
341.5806968	279.0000000	90.00000000	0.1666168402	1.992508554	500.0000000	9.234774711	90.00000000	0.4415346879	121.0166455	50.61016727	90.00000000	0.4779133760	100.0000000	110.9514359	19.88209141
341.0426365	279.0000000	90.00000000	0.1852527094	2.317802394	500.0000000	9.148619817	90.00000000	0.4362480421	121.0924681	50.33963091	90.00000000	0.4766483614	100.0000000	109.7111502	18.61897534
341.6062930	279.0000000	90.00000000	0.1722058519	2.198549097	500.0000000	9.012929594	90.00000000	0.4400526770	125.6712265	50.39508523	90.00000000	0.4771412786	100.0000000	109.2017790	24.87416234
341.3451315	279.0000000	90.00000000	0.1105452755	2.008134463	500.0000000	9.386792305	90.00000000	0.4563274615	98.27813534	54.48058527	90.00000000	0.4808512790	100.0000000	117.0347319	551.6313548
341.0446940	279.0000000	90.00000000	0.1966257762	2.056324252	500.0000000	9.060175021	90.00000000	0.4340816279	136.6031291	48.97888018	90.00000000	0.4755721653	100.0000000	106.1317361	16.16660269
341.6931119	279.0000000	90.00000000	0.1835230161	1.936386953	500.0000000	9.351906448	90.00000000	0.4391196926	116.9019359	51.84096344	90.00000000	0.4763675442	100.0000000	112.1013603	118.0452509
341.5830666	279.0000000	90.00000000	0.2289892710	1.862001204	500.0000000	9.750551430	90.00000000	0.4350410721	109.1420876	52.27810248	90.00000000	0.4675537353	100.0000000	113.7963805	39773.84004
341.7346437	279.0000000	90.00000000	0.1623349782	1.826757352	500.0000000	9.496657381	90.00000000	0.4470531353	109.7970557	52.67435035	90.00000000	0.4733422296	100.0000000	114.1429836	152.1894691
341.3451889	279.0000000	90.00000000	0.1708020795	1.841933183	500.0000000	9.342708501	90.00000000	0.4386460521	117.2654903	51.59601728	90.00000000	0.4786413692	100.0000000	112.5592441	4815.734912
341.5605308	279.0000000	90.00000000	0.1614004555	1.784663134	500.0000000	9.622406804	90.00000000	0.4485531924	104.4439995	53.75829363	90.00000000	0.4744253883	100.0000000	114.6836959	8196.145318
341.5196332	279.0000000	90.00000000	0.1900775274	1.889322503	500.0000000	9.455737559	90.00000000	0.4410694638	115.2590303	51.85328500	90.00000000	0.4756633429	100.0000000	112.5341149	80.72066632
341.1931118	279.0000000	90.00000000	0.1840642296	2.320311235	500.0000000	9.376339009	90.00000000	0.4373213456	113.7861299	51.37729061	90.00000000	0.4874984008	100.0000000	112.3450459	21.30440554
341.6557512	279.0000000	90.00000000	0.1411013230	2.367469422	500.0000000	9.297570250	90.00000000	0.4529287821	103.1480358	53.77818386	90.00000000	0.4863122126	100.0000000	114.6212098	53.87773156
341.4254336	279.0000000	90.00000000	0.1336647574	2.774893221	500.0000000	8.736796193	90.00000000	0.4494211381	149.6926206	48.38842666	90.00000000	0.4914057871	87.69732819	107.9336452	23.11684948
341.6685425	279.0000000	90.00000000	0.1972634411	1.740143300	500.0000000	9.382596212	90.00000000	0.4362284506	124.9649675	50.49924734	90.00000000	0.4701017275	100.0000000	109.9961606	61.35616977
341.6510511	279.0000000	90.00000000	0.1261646627	2.193084878	500.0000000	9.297406168	90.00000000	0.4477216264	103.3072137	53.61884698	90.00000000	0.4865977229	100.0000000	115.1966298	52.21897966
341.5907439	279.0000000	90.00000000	0.1822713737	1.949927438	500.0000000	9.208983184	90.00000000	0.4375606656	124.9259168	49.91109958	90.00000000	0.4743127042	100.0000000	110.2084377	21.68501662
341.6602874	279.0000000	90.00000000	0.1810519243	2.127912702	500.0000000	9.374059095	90.00000000	0.4410296017	114.8926350	51.68757281	90.00000000	0.4802546412	100.0000000	112.1314433	36.56589329
341.4099172	279.0000000	90.00000000	0.1754920177	1.959614603	500.0000000	9.312012111	90.00000000	0.4438048417	118.0573732	51.45785782	90.00000000	0.4750392766	100.0000000	111.6438148	52.42147944
341.5107302	279.0000000	90.00000000	0.1536903518	2.076654370	500.0000000	9.295720935	90.00000000	0.4411421539	111.4540156	52.47030864	90.00000000	0.4840821429	100.0000000	112.6057577	44.79991449
341.4975378	279.0000000	90.00000000	0.1367399111	2.152204312	500.0000000	9.405337778	90.00000000	0.4487799197	101.1049959	53.99496068	90.00000000	0.4896522195	100.0000000	116.2245772	82.55770322
341.4884142	279.0000000	90.00000000	0.1930046811	1.879890840	500.0000000	9.732503223	90.00000000	0.4475735022	101.5061731	53.81301232	90.00000000	0.4651911958	100.0000000	115.5739027	31043.80306
341.4403436	279.0000000	90.00000000	0.1689484126	1.924245404	500.0000000	9.351819613	90.00000000	0.4519679790	116.5404459	51.77209263	90.00000000	0.4661518109	100.0000000	111.2316359	43.93367247
341.5106986	279.0000000	90.00000000	0.1869751218	1.856067953	500.0000000	9.187677848	90.00000000	0.4397531606	130.7437271	49.95147212	90.00000000	0.4688608678	100.0000000	108.4158250	31.93191953
341.6463429	279.0000000	90.00000000	0.1742378153	2.157960643	500.0000000	9.209314932	90.00000000	0.4365643581	119.6066244	50.44802252	90.00000000	0.4806532021	100.0000000	111.4089176	23.02315699
341.6025109	279.0000000	90.00000000	0.2389122268	1.905463815	500.0000000	9.636946571	90.00000000	0.4250849517	116.0108481	51.24918997	90.00000000	0.4771966655	100.0000000	113.0362004	6701.056003
341.5579137	279.0000000	90.00000000	0.1960947515	1.839164690	500.0000000	9.635032549	90.00000000	0.4391390772	111.1607456	52.35698978	90.00000000	0.4744020397	100.0000000	113.7690457	12313.93941
341.3267242	279.0000000	90.00000000	0.2218034065	1.995893720	500.0000000	9.647688571	90.00000000	0.4332546084	110.9074615	52.02058649	90.00000000	0.4728673234	100.0000000	113.1191049	7571.009482
341.4109903	279.0000000	90.00000000	0.2185053919	2.130309873	500.0000000	9.522161175	90.00000000	0.4327675172	117.0287519	51.41440252	90.00000000	0.4794012964	100.0000000	111.3853317	114.2649891
341.5052024	279.0000000	90.00000000	0.1443945584	1.967587594	500.0000000	9.243772122	90.00000000	0.4498476873	113.5356483	52.67471357	90.00000000	0.4767736992	100.0000000	112.5382767	172.7773867
341.6981469	279.0000000	90.00000000	0.1605863159	2.049139886	500.0000000	9.415026604	90.00000000	0.4399823925	111.1129579	52.20824625	90.00000000	0.4833572512	100.0000000	113.3563405	49.69427190
341.7259441	279.0000000	90.00000000	0.1851338079	2.058365427	500.0000000	9.439817722	90.00000000	0.4384846710	113.0965033	51.76568977	90.00000000	0.4793380901	100.0000000	112.8209013	37.39764852
341.3109230	279.0000000	90.00000000	0.1500014452	2.091046582	500.0000000	9.078589855	90.00000000	0.4392799222	121.8605618	50.93203559	90.00000000	0.4798039089	100.0000000	109.6276829	23.14297031
341.6042416	279.0000000	90.00000000	0.2164834949	1.855622640	500.0000000	9.574462745	90.00000000	0.4336476724	117.0572852	51.39473454	90.00000000	0.4728508829	100.0000000	112.4430546	22041.58498
341.3856689	279.0000000	90.00000000	0.1302955967	2.114944098	500.0000000	9.321400945	90.00000000	0.4487951652	107.9853100	52.89342461	90.00000000	0.4875500430	100.0000000	114.0898819	36.19642718
341.6295914	279.0000000	90.00000000	0.1884543368	1.825534501	500.0000000	9.463071552	90.00000000	0.4384380535	117.9507117	51.61349933	90.00000000	0.4769803245	100.0000000	112.1023202	11139.26039
341.4721736	279.0000000	90.00000000	0.1664640585	1.908510406	500.0000000	9.475052669	90.00000000	0.4391295559	110.5226065	52.47470669	90.00000000	0.4787975704	100.0000000	113.6622112	336.2338221
341.7234201	279.0000000	90.00000000	0.2002079554	2.025887104	500.0000000	9.583354200	90.00000000	0.4399533953	110.5645859	52.33294892	90.00000000	0.4755063934	100.0000000	113.3234625	10727.00431
341.5544590	279.0000000	90.00000000	0.2088775448	2.087545389	500.0000000	9.733293549	90.00000000	0.4403825104	102.4415287	53.52760029	90.00000000	0.4742063500	100.0000000	114.7998992	29445.12314
341.5194767	279.0000000	90.00000000	0.1809935586	2.215655213	500.0000000	9.136066170	90.00000000	0.4409782610	123.7635541	50.18309072	90.00000000	0.4774744244	100.0000000	110.3344326	21.84478374
341.7146650	279.0000000	90.00000000	0.1722361969	2.185031284	500.0000000	9.330459631	90.00000000	0.4430263074	112.4872854	51.86262535	90.00000000	0.4796217284	100.0000000	112.8065561	29.07923503
341.4341509	279.0000000	90.00000000	0.1492506349	2.076153217	500.0000000	9.174431385	90.00000000	0.4473167805	115.7751025	51.99124195	90.00000000	0.4783780452	100.0000000	111.8604687	51.16128066
341.3609990	279.0000000	90.00000000	0.1311795023	2.122620622	500.0000000	8.975241249	90.00000000	0.4536993092	121.8943399	50.95260334	90.00000000	0.4778337558	100.0000000	109.8601363	16.54596949
341.5470742	279.0000000	90.00000000	0.1619744943	1.861777254	500.0000000	9.579890479	90.00000000	0.4531074943	104.9870761	53.38916754	90.00000000	0.4722638173	100.0000000	114.5105954	70.22106544
341.4616343	279.0000000	90.00000000	0.2109882851	1.922511709	500.0000000	9.368947677	90.00000000	0.4364228737	121.2068628	50.91201569	90.00000000	0.4711298472	100.0000000	110.8713874	73.32511304
341.4627688	279.0000000	90.00000000	0.2267569602	1.876255474	500.0000000	9.759019789	90.00000000	0.4331292016	111.5841638	51.62870730	90.00000000	0.4726627142	100.0000000	113.8682414	109.1539653
341.6985553	279.0000000	90.00000000	0.1743112677	2.304360462	500.0000000	9.385331246	90.00000000	0.4507384891	110.5527519	52.40967986	90.00000000	0.4778801356	100.0000000	112.7823517	29.56972311
341.6940562	279.0000000	90.00000000	0.1864029734	2.085585857	500.0000000	9.477354387	90.00000000	0.4442199966	111.7998009	52.30402424	90.00000000	0.4795951229	100.0000000	112.9697242	56.84794931
341.3904974	279.0000000	90.00000000	0.1486659956	2.274322680	500.0000000	9.130825751	90.00000000	0.4449361765	119.0225713	50.67905887	90.00000000	0.4833383678	100.0000000	110.5558443	13.20487769
341.2975058	279.0000000	90.00000000	0.1615490424	2.503042881	500.0000000	8.959410263	90.00000000	0.4507470821	127.2469920	50.05966824	90.00000000	0.4763152655	100.0000000	107.4744200	12.42647543
341.7310171	279.0000000	90.00000000	0.2033163571	1.861970358	500.0000000	9.311773064	90.00000000	0.4390180332	123.5610569	50.85270939	90.00000000	0.4713270059	100.0000000	110.8343791	2798.681286
341.3413509	279.0000000	90.00000000	0.1025941013	2.268657697	500.0000000	9.196118098	90.00000000	0.4593627285	104.4221814	53.24728649	90.00000000	0.4879900505	100.0000000	114.7795241	21.73715008
341.6661493	279.0000000	90.00000000	0.1782643190	1.883454959	500.0000000	9.743591830	90.00000000	0.4384675655	100.8395058	53.47089008	90.00000000	0.4800447452	100.0000000	116.7132700	2950.090449
341.5509970	279.0000000	90.00000000	0.1771033153	2.380680719	500.0000000	9.251230443	90.00000000	0.4406147362	116.1276883	51.23642070	90.00000000	0.4838862630	100.0000000	111.1414913	24.58989511
341.5465545	279.0000000	90.00000000	0.1837009910	1.948047785	500.0000000	9.383293934	90.00000000	0.4429113664	113.8103586	52.14931465	90.00000000	0.4709599298	100.0000000	112.5259175	155.5972639
341.4580271	279.0000000	90.00000000	0.1701904971	1.778911994	500.0000000	9.489219845	90.00000000	0.4423372308	113.3217780	52.23974435	90.00000000	0.4772542033	100.0000000	113.1607886	1994.235502
341.6913032	279.0000000	90.00000000	0.1293580309	2.278315936	500.0000000	9.112707032	90.00000000	0.4514380580	114.0275838	51.97063805	90.00000000	0.4799571108	100.0000000	111.2124764	19.70528286
341.3608270	279.0000000	90.00000000	0.2184996355	2.083597986	500.0000000	9.654708454	90.00000000	0.4387018084	108.6784468	52.47290454	90.00000000	0.4740070697	100.0000000	113.3442011	91.34756860
341.4851843	279.0000000	90.00000000	0.2192695497	1.815994324	500.0000000	9.522679638	90.00000000	0.4317200320	119.9250337	50.79479711	90.00000000	0.4715184766	100.0000000	111.9997841	4437.986941
341.3387232	279.0000000	90.00000000	0.1962501886	1.913293949	500.0000000	9.519806461	90.00000000	0.4389414154	113.0618901	52.02842845	90.00000000	0.4750376352	100.0000000	113.3107376	8374.645804
341.3873005	279.0000000	90.00000000	0.2335196954	1.819559810	500.0000000	9.739888912	90.00000000	0.4310605520	115.1396711	51.20423878	90.00000000	0.4709844983	100.0000000	113.1583841	20284.16974
341.8526655	279.0000000	90.00000000	0.1661488707	2.016824659	500.0000000	9.267849680	90.00000000	0.4440700172	113.7763408	52.11785792	90.00000000	0.4756404354	100.0000000	111.8979887	59.82372316
341.3579480	279.0000000	90.00000000	0.1870782299	1.979680674	500.0000000	9.352536365	90.00000000	0.4393684126	117.9642924	51.02786792	90.00000000	0.4774191707	100.0000000	112.2941554	35.43422262
341.4778745	279.0000000	90.00000000	0.1464612014	2.035416129	500.0000000	9.231415265	90.00000000	0.4464734387	114.4321615	51.40741555	90.00000000	0.4793784212	100.0000000	112.5430273	18.45843469
341.5942038	279.0000000	90.00000000	0.1700460326	1.895137238	500.0000000	9.641085285	90.00000000	0.4411245700	101.9136518	53.59187302	90.00000000	0.4799995048	100.0000000	116.3250132	10320.40605
341.5234101	279.0000000	90.00000000	0.1921927605	1.983844045	500.0000000	9.397907626	90.00000000	0.4376104016	117.0926570	51.61350534	90.00000000	0.4778124151	100.0000000	112.0114992	94.83467698
341.6288898	279.0000000	90.00000000	0.1547466115	2.025909147	500.0000000	9.099837967	90.00000000	0.4447465119	121.5376104	51.13799722	90.00000000	0.4803461637	100.0000000	110.6491875	22.72255227
341.4845412	279.0000000	90.00000000	0.1899523684	2.079204608	500.0000000	9.350654034	90.00000000	0.4436779242	116.3170844	51.62486618	90.00000000	0.4731168976	100.0000000	111.7133491	59.87150448
341.6667108	279.0000000	90.00000000	0.1776968978	1.921994395	500.0000000	9.456500256	90.00000000	0.4457585594	112.3323354	52.20364738	90.00000000	0.4699380148	100.0000000	112.7890933	73.55959167
341.4223021	279.0000000	90.00000000	0.1378430510	1.969981243	500.0000000	9.494705947	90.00000000	0.4505009382	104.0956556	53.37218097	90.00000000	0.4797803023	100.0000000	115.3576936	80.26406782
341.7795179	279.0000000	90.00000000	0.1772649995	1.961919284	500.0000000	9.486886240	90.00000000	0.4360956601	111.5189272	52.20863566	90.00000000	0.4816558991	100.0000000	113.6233198	187.6752046
341.6306907	279.0000000	90.00000000	0.1693003016	2.135018550	500.0000000	9.369927500	90.00000000	0.4353690330	111.0530514	52.11959070	90.00000000	0.4839006310	100.0000000	113.6893875	106.6073999
341.3424802	279.0000000	90.00000000	0.2160371470	1.844955647	500.0000000	9.425755869	90.00000000	0.4394962615	122.0349789	50.95776319	90.00000000	0.4639748499	100.0000000	110.3154203	19696.16962
341.3746445	279.0000000	90.00000000	0.1143518870	1.984525050	500.0000000	9.257093745	90.00000000	0.4529454490	109.3648570	52.66934016	90.00000000	0.4835910243	100.0000000	114.1645631	35.89619287
341.7232289	279.0000000	90.00000000	0.1992357851	2.398379083	500.0000000	9.108057043	90.00000000	0.4375583164	128.6921973	49.92168187	90.00000000	0.4805378863	100.0000000	107.5573282	16.65673919
341.8467703	279.0000000	90.00000000	0.1947942315	2.209630233	500.0000000	9.478698039	90.00000000	0.4460559970	109.4825422	52.57207139	90.00000000	0.4785380972	100.0000000	113.4745429	60.74945622
341.2871128	279.0000000	90.00000000	0.1792728381	2.111308285	500.0000000	9.183509938	90.00000000	0.4425711395	125.2817360	50.52342609	90.00000000	0.4773844937	100.0000000	108.9575877	22.21530348
341.5554690	279.0000000	90.00000000	0.2055313707	1.792850397	500.0000000	9.529609310	90.00000000	0.4391796316	117.5842630	51.80352705	90.00000000	0.4699135262	100.0000000	111.7261682	8973.929351
341.4000925	279.0000000	90.00000000	0.1810723984	1.947216423	500.0000000	9.406256896	90.00000000	0.4445942354	113.4546607	52.06955935	90.00000000	0.4753462975	100.0000000	112.6893672	44.50355868
341.3863124	279.0000000	90.00000000	0.1575410455	2.072387343	500.0000000	8.991884707	90.00000000	0.4457301703	128.1522881	49.84689644	90.00000000	0.4734115246	100.0000000	108.8573821	15.26710228
341.7547295	279.0000000	90.00000000	0.1798423172	2.055495561	500.0000000	9.467429038	90.00000000	0.4457293178	107.8791243	52.69804207	90.00000000	0.4744427658	100.0000000	113.5658764	42.74856931
341.5277818	279.0000000	90.00000000	0.1616430078	1.968840393	500.0000000	9.373708664	90.00000000	0.4467312960	111.2301234	52.33557348	90.00000000	0.4738692408	100.0000000	112.8138986	44.54907386
341.5438328	279.0000000	90.00000000	0.1988226295	1.795517151	500.0000000	9.393564749	90.00000000	0.4318898180	122.6674193	50.70898086	90.00000000	0.4764723553	100.0000000	110.9864284	83.29688120
341.4790598	279.0000000	90.00000000	0.1651558312	2.160021454	500.0000000	9.251687603	90.00000000	0.4471264060	114.2833908	52.06172119	90.00000000	0.4773378256	100.0000000	111.4844458	32.34099550
341.4492608	279.0000000	90.00000000	0.2122309143	2.162058782	500.0000000	9.365302790	90.00000000	0.4397457410	121.9194120	50.93566578	90.00000000	0.4726593869	100.0000000	109.7811821	30.39765495
341.7203806	279.0000000	90.00000000	0.1656482176	2.040047683	500.0000000	9.236205110	90.00000000	0.4489820417	116.4855868	52.06851663	90.00000000	0.4726861706	100.0000000	110.8983143	68.02007245
341.1895125	279.0000000	90.00000000	0.2009480607	2.014945758	500.0000000	9.574840342	90.00000000	0.4379137074	112.4521854	51.95821475	90.00000000	0.4753134277	100.0000000	112.6743938	59.79486169
341.7210182	279.0000000	90.00000000	0.1670086540	2.181167520	500.0000000	9.428853923	90.00000000	0.4490575133	106.0886748	53.26155683	90.00000000	0.4753434406	100.0000000	113.6820814	82.87699446
341.3989280	279.0000000	90.00000000	0.1795173620	1.937382505	500.0000000	9.482582637	90.00000000	0.4451433303	111.4163019	52.49175052	90.00000000	0.4734144577	100.0000000	113.3401853	328.4495994
341.5391445	279.0000000	90.00000000	0.1864222578	1.813267359	500.0000000	9.408697717	90.00000000	0.4384044199	118.4064961	51.39863808	90.00000000	0.4733072035	100.0000000	111.7594187	616.5438202
341.4723224	279.0000000	90.00000000	0.1706023696	1.874569862	500.0000000	9.318976652	90.00000000	0.4454178576	117.8572327	51.78409830	90.00000000	0.4705470024	100.0000000	111.1955533	76.87665478
341.4768894	279.0000000	90.00000000	0.1956175848	1.881482350	500.0000000	9.575067131	90.00000000	0.4408378008	110.7710447	52.58894905	90.00000000	0.4715947922	100.0000000	112.7281309	94.16115413
341.3886483	279.0000000	90.00000000	0.1267088481	2.040458309	500.0000000	9.310771093	90.00000000	0.4544634006	105.2698709	53.05723409	90.00000000	0.4825186684	100.0000000	115.2689309	32.81860851
341.0490611	279.0000000	90.00000000	0.09071371908	2.494883864	500.0000000	8.526203395	90.00000000	0.4528466527	145.8855920	49.19241152	90.00000000	0.4909812604	90.77396210	108.2161860	32.93954567
341.4163447	279.0000000	90.00000000	0.1718710077	1.917585057	500.0000000	9.444141019	90.00000000	0.4374714134	112.3676298	51.76751325	90.00000000	0.4783417352	100.0000000	113.4441069	46.70854041
341.3285744	279.0000000	90.00000000	0.1469742861	1.988172218	500.0000000	9.523315949	90.00000000	0.4449881764	104.1744214	53.63500668	90.00000000	0.4826411007	100.0000000	114.7436010	95.64965028
341.1430434	279.0000000	90.00000000	0.1086684193	2.280591757	500.0000000	8.738202018	90.00000000	0.4529966282	129.4542333	50.13484418	90.00000000	0.4809326327	100.0000000	107.3942830	12.44104913
341.5005093	279.0000000	90.00000000	0.1599283302	2.043735514	500.0000000	9.501788358	90.00000000	0.4433182760	101.4536455	53.59232971	90.00000000	0.4798176637	100.0000000	115.8090937	89.42669665
341.6176526	279.0000000	90.00000000	0.2117983197	1.729801599	500.0000000	9.440805942	90.00000000	0.4351496426	125.3858419	50.70341564	90.00000000	0.4694967791	100.0000000	109.9104930	3602.523458
341.3669327	279.0000000	90.00000000	0.2118106993	1.646898091	500.0000000	9.556794618	90.00000000	0.4349749721	121.8672213	50.94761249	90.00000000	0.4721725810	100.0000000	111.2584103	175.1624587
341.6973138	279.0000000	90.00000000	0.1963038532	1.890512302	500.0000000	9.508665360	90.00000000	0.4447310529	114.0097045	52.01657707	90.00000000	0.4710459297	100.0000000	112.4781092	86.22824747
341.6604226	279.0000000	90.00000000	0.1727805668	1.980721892	500.0000000	9.483382337	90.00000000	0.4449635698	108.6170806	52.89489832	90.00000000	0.4724791018	100.0000000	113.6273957	3414.159894
341.4369164	279.0000000	90.00000000	0.1969668425	1.933546893	500.0000000	9.450068187	90.00000000	0.4333711066	117.9841666	51.12647738	90.00000000	0.4752832173	100.0000000	111.6734929	54.08950374
341.6287683	279.0000000	90.00000000	0.1656702876	2.106935467	500.0000000	9.332614646	90.00000000	0.4454439502	109.4130979	52.94278256	90.00000000	0.4781973816	100.0000000	113.1649804	445.0485548
341.4433096	279.0000000	90.00000000	0.1811503552	2.148842981	500.0000000	9.294225885	90.00000000	0.4387720106	116.2827796	51.27292567	90.00000000	0.4772820291	100.0000000	111.5280076	35.94349883
341.3587505	279.0000000	90.00000000	0.1702355181	2.115812368	500.0000000	9.494018689	90.00000000	0.4504040239	104.0535135	53.66790842	90.00000000	0.4768484077	100.0000000	114.7497671	4682.327950
341.6818912	279.0000000	90.00000000	0.1953391616	1.968640777	500.0000000	9.377413521	90.00000000	0.4371695208	118.2249271	51.35887786	90.00000000	0.4744385299	100.0000000	111.6313639	99.45058682
341.4894898	279.0000000	90.00000000	0.1844964694	1.859430635	500.0000000	9.520271829	90.00000000	0.4487989303	109.8102503	52.88356120	90.00000000	0.4678377423	100.0000000	113.0314715	5738.961337
341.5188886	279.0000000	90.00000000	0.1831783037	1.870474480	500.0000000	9.337028133	90.00000000	0.4398020047	119.7932335	51.17946469	90.00000000	0.4715601037	100.0000000	111.6221907	22953.71879
341.3575966	279.0000000	90.00000000	0.1683228968	1.951921546	500.0000000	9.501312388	90.00000000	0.4457838858	107.0798559	53.10410756	90.00000000	0.4795575160	100.0000000	114.3240155	353.5445066
341.3776885	279.0000000	90.00000000	0.1577199300	1.951438042	500.0000000	9.263603980	90.00000000	0.4426748973	115.3081492	51.69603867	90.00000000	0.4780160133	100.0000000	113.0887885	157.9882855
341.5034747	279.0000000	90.00000000	0.1975130619	1.841259606	500.0000000	9.360620492	90.00000000	0.4386742730	124.8687018	50.46606224	90.00000000	0.4726719475	100.0000000	110.3074324	44.40386281
341.5790267	279.0000000	90.00000000	0.1720627462	1.966604834	500.0000000	9.436613906	90.00000000	0.4437763484	110.8846318	52.59571713	90.00000000	0.4750933375	100.0000000	113.3821707	25000.78949
341.5062970	279.0000000	90.00000000	0.1477758631	1.810616837	500.0000000	9.284756214	90.00000000	0.4484929445	116.3545091	52.08277565	90.00000000	0.4734230511	100.0000000	112.1347362	129.1841384
341.5988138	279.0000000	90.00000000	0.1301271665	1.945873106	500.0000000	9.290098364	90.00000000	0.4492267433	108.3393795	53.13000621	90.00000000	0.4802080421	100.0000000	114.4831592	843.8355937
341.2690651	279.0000000	90.00000000	0.1661438135	2.108930435	500.0000000	9.336352042	90.00000000	0.4474280417	109.8418984	52.37723239	90.00000000	0.4812912097	100.0000000	114.3770612	52.96166978
341.3854770	279.0000000	90.00000000	0.1507670733	1.925200682	500.0000000	9.586519848	90.00000000	0.4442290813	100.0222545	53.94791489	90.00000000	0.4853207483	100.0000000	116.8313724	5654.690546
341.6678136	279.0000000	90.00000000	0.1871812768	1.858487502	500.0000000	9.515283966	90.00000000	0.4488600135	113.1799918	52.31237868	90.00000000	0.4702166580	100.0000000	113.3979487	8020.103064
341.3561447	279.0000000	90.00000000	0.1948820765	1.887235698	500.0000000	9.503887978	90.00000000	0.4389757216	112.4787671	52.16951123	90.00000000	0.4718880932	100.0000000	112.7655734	125.3151470
341.5238786	279.0000000	90.00000000	0.1958356608	1.819073300	500.0000000	9.361637326	90.00000000	0.4381632788	121.4091863	51.23275921	90.00000000	0.4732693672	100.0000000	111.2968572	6507.080696
341.3518297	279.0000000	90.00000000	0.1708728034	2.161109321	500.0000000	9.421110218	90.00000000	0.4432571728	106.0347730	52.72699385	90.00000000	0.4778512158	100.0000000	114.4882423	78.82048032
341.0581470	279.0000000	90.00000000	0.08969475932	2.719313663	500.0000000	8.876313929	90.00000000	0.4600407135	113.2610130	51.71177290	90.00000000	0.4958319743	100.0000000	111.6775740	11.86582533
341.2456972	279.0000000	90.00000000	0.1715929504	1.990324904	500.0000000	9.482508012	90.00000000	0.4418444105	107.4450670	52.94895610	90.00000000	0.4812316645	100.0000000	114.5740777	1695.934485
341.5516217	279.0000000	90.00000000	0.1526761447	2.418213605	500.0000000	9.062425980	90.00000000	0.4472818408	118.3303949	51.16179654	90.00000000	0.4822334021	100.0000000	110.9414982	20.67025872
341.5483784	279.0000000	90.00000000	0.1750203532	1.934392969	500.0000000	9.587900466	90.00000000	0.4419904650	104.4485672	53.61400045	90.00000000	0.4819409030	100.0000000	115.5995761	791.9062481
341.3446744	279.0000000	90.00000000	0.1523639728	2.165956034	500.0000000	9.199140011	90.00000000	0.4405170841	116.0507921	51.42426130	90.00000000	0.4856395916	100.0000000	111.5524695	27.42618158
341.4096858	279.0000000	90.00000000	0.1766579790	1.938476564	500.0000000	9.420566592	90.00000000	0.4402842001	112.1041254	52.00456952	90.00000000	0.4744841175	100.0000000	113.1997669	87.37476703
341.4537553	279.0000000	90.00000000	0.1446329473	2.373021313	500.0000000	9.143285173	90.00000000	0.4455754541	117.0770000	51.26872629	90.00000000	0.4863900277	100.0000000	110.9004942	15.94300768
341.8696021	279.0000000	90.00000000	0.1381898247	2.167177698	500.0000000	9.043142438	90.00000000	0.4456620171	119.8879848	51.16821138	90.00000000	0.4851026254	100.0000000	111.2527814	29.04759000
341.5023212	279.0000000	90.00000000	0.1858710878	1.869851894	500.0000000	9.354313625	90.00000000	0.4407482590	119.8811424	51.34142887	90.00000000	0.4689442311	100.0000000	110.7690422	190.8883446
341.5468349	279.0000000	90.00000000	0.1744436077	2.014477202	500.0000000	9.602948071	90.00000000	0.4393227550	100.3992984	53.92978168	90.00000000	0.4826762169	100.0000000	116.1025554	2483.096146
341.5920416	279.0000000	90.00000000	0.1511789567	1.930587283	500.0000000	9.486084500	90.00000000	0.4469132266	105.7001863	53.20827889	90.00000000	0.4789916832	100.0000000	115.1360262	2643.757714
341.2493350	279.0000000	90.00000000	0.1655515067	2.312686055	500.0000000	9.465665907	90.00000000	0.4457701552	103.9473844	52.95316476	90.00000000	0.4853369111	100.0000000	114.9164305	39.30093413
341.4761040	279.0000000	90.00000000	0.2133987592	1.786893585	500.0000000	9.455232997	90.00000000	0.4305760071	125.6761830	50.09746207	90.00000000	0.4699336109	100.0000000	110.1977080	62.74959353
341.4620876	279.0000000	90.00000000	0.1915581813	1.988351267	500.0000000	9.362752189	90.00000000	0.4376260229	121.0055589	50.55501671	90.00000000	0.4759896278	100.0000000	110.6779872	26.16043759
341.4635808	279.0000000	90.00000000	0.1691832341	2.006035542	500.0000000	9.554864345	90.00000000	0.4451443255	104.0801913	53.33449557	90.00000000	0.4802179472	100.0000000	115.0859163	72.09697106
341.9321371	279.0000000	90.00000000	0.1729485038	2.353694678	500.0000000	9.019284850	90.00000000	0.4406239218	125.2088836	50.21930722	90.00000000	0.4777013233	100.0000000	109.3532535	22.99122097
341.3514192	279.0000000	90.00000000	0.1585070042	2.004335893	500.0000000	9.044966901	90.00000000	0.4458274090	126.9571063	50.43715592	90.00000000	0.4752271966	100.0000000	108.7241785	23.49974803
341.5451157	279.0000000	90.00000000	0.1578720803	2.063104887	500.0000000	9.405288617	90.00000000	0.4478122940	107.2210229	52.89860278	90.00000000	0.4801895241	100.0000000	114.3162268	59.29981019
341.4510223	279.0000000	90.00000000	0.1575961286	1.936975482	500.0000000	9.560392905	90.00000000	0.4585490786	102.4926013	54.09651470	90.00000000	0.4701526310	100.0000000	115.0806270	16051.92696
341.4526781	279.0000000	90.00000000	0.1734878225	1.766981708	500.0000000	9.533951763	90.00000000	0.4413826101	112.2812705	52.18560373	90.00000000	0.4727435520	100.0000000	113.4987275	14755.96025
341.3898573	279.0000000	90.00000000	0.1861169265	1.998021089	500.0000000	9.441526529	90.00000000	0.4356931751	115.0253473	51.85521736	90.00000000	0.4836585928	100.0000000	112.4895514	88.61862701
341.4754878	279.0000000	90.00000000	0.1317214956	2.059938172	500.0000000	9.413676525	90.00000000	0.4518024596	101.7260329	53.60705235	90.00000000	0.4850107894	100.0000000	116.2552856	40.80472143
341.4129032	279.0000000	90.00000000	0.2319717244	1.879412664	500.0000000	9.634548396	90.00000000	0.4347219645	116.1102033	51.52807618	90.00000000	0.4715286278	100.0000000	112.4158699	138.6620007
341.6845098	279.0000000	90.00000000	0.1758643824	1.989759223	500.0000000	9.499078782	90.00000000	0.4445823497	107.6462801	52.98389700	90.00000000	0.4759948779	100.0000000	114.3637288	8287.896455
341.4265773	279.0000000	90.00000000	0.1972680480	1.859380042	500.0000000	9.477028789	90.00000000	0.4337036925	118.9403345	51.34804052	90.00000000	0.4757262371	100.0000000	111.4052412	314.8490356
341.5990015	279.0000000	90.00000000	0.1625604113	2.018895159	500.0000000	9.283915858	90.00000000	0.4472434812	116.2542822	51.63248851	90.00000000	0.4759627702	100.0000000	111.9037032	28.08530687
341.5727680	279.0000000	90.00000000	0.1688591785	1.924992270	500.0000000	9.302886135	90.00000000	0.4430190178	116.9301139	51.93212797	90.00000000	0.4758087163	100.0000000	111.6175708	193.3291473
341.5992645	279.0000000	90.00000000	0.1781810895	2.143439913	500.0000000	9.355265916	90.00000000	0.4446601225	116.8085397	51.54483909	90.00000000	0.4782787947	100.0000000	110.3458244	18.62573479
341.4482262	279.0000000	90.00000000	0.1746220634	1.898625761	500.0000000	9.472312467	90.00000000	0.4468755916	111.2685937	52.34719272	90.00000000	0.4727123218	100.0000000	113.1441947	79.72641401
341.7126713	279.0000000	90.00000000	0.1875235388	2.041877624	500.0000000	9.457462189	90.00000000	0.4332722276	111.7182284	52.18397753	90.00000000	0.4860981873	100.0000000	113.5385096	246.5956371
341.5200211	279.0000000	90.00000000	0.1767745616	2.042337900	500.0000000	9.615789439	90.00000000	0.4419721735	103.4961645	53.40509524	90.00000000	0.4818957090	100.0000000	115.2738226	9710.799822
341.7842373	279.0000000	90.00000000	0.1728435256	2.247834449	500.0000000	9.100828963	90.00000000	0.4424449431	124.0138265	50.42629359	90.00000000	0.4812098268	100.0000000	109.4559389	18.63221244
341.5110077	279.0000000	90.00000000	0.1957916940	1.969901247	500.0000000	9.320251030	90.00000000	0.4438165536	119.1720563	51.65589625	90.00000000	0.4713405260	100.0000000	111.0640276	322.9483368
341.7109768	279.0000000	90.00000000	0.1856257777	1.975772243	500.0000000	9.261456270	90.00000000	0.4396926700	120.3361170	51.61578697	90.00000000	0.4727732680	100.0000000	110.5337962	3931.239285
341.4838242	279.0000000	90.00000000	0.1901233591	1.905820101	500.0000000	9.440806517	90.00000000	0.4385493705	118.7007042	51.00025305	90.00000000	0.4753724557	100.0000000	111.5548829	28.68049238
341.1416608	279.0000000	90.00000000	0.1066773647	2.572627648	500.0000000	8.650737228	90.00000000	0.4527182470	128.5476694	50.08730680	90.00000000	0.4850328062	100.0000000	107.6455122	12.10415977
341.3378819	279.0000000	90.00000000	0.1673593484	2.008746062	500.0000000	9.421618738	90.00000000	0.4435920295	110.0775331	52.22094893	90.00000000	0.4851268520	100.0000000	114.2929937	47.73696244
341.5441798	279.0000000	90.00000000	0.1741524069	1.880758657	500.0000000	9.379434350	90.00000000	0.4434567992	115.4518025	51.98322483	90.00000000	0.4724804112	100.0000000	112.4456455	142.0558317
341.4562516	279.0000000	90.00000000	0.1209011504	1.912871873	500.0000000	9.222135671	90.00000000	0.4567141698	111.3099865	52.43907701	90.00000000	0.4759918862	100.0000000	113.2345287	26.57160423
341.6063629	279.0000000	90.00000000	0.2003574524	1.884644108	500.0000000	9.272112557	90.00000000	0.4419703537	126.0158865	50.85376921	90.00000000	0.4701280355	100.0000000	109.5922756	5939.505526
341.7488766	279.0000000	90.00000000	0.1269995734	2.254472725	500.0000000	8.951441868	90.00000000	0.4508263486	121.2923126	51.08517519	90.00000000	0.4796836335	100.0000000	109.8033724	20.41508333
341.4986510	279.0000000	90.00000000	0.2197343058	1.961789043	500.0000000	9.429700493	90.00000000	0.4291172679	121.8814879	50.78303618	90.00000000	0.4721501086	100.0000000	110.1721341	145.1516041
341.7587227	279.0000000	90.00000000	0.1782216565	1.867546758	500.0000000	9.678183268	90.00000000	0.4390608447	105.5828074	53.19754015	90.00000000	0.4770925066	100.0000000	114.8592433	22717.97678
341.6181489	279.0000000	90.00000000	0.1284438686	2.045072644	500.0000000	9.146556072	90.00000000	0.4519468343	114.3805192	52.27600345	90.00000000	0.4778253880	100.0000000	112.1576675	62.00924321
341.4488354	279.0000000	90.00000000	0.1831178934	2.064646793	500.0000000	9.428502838	90.00000000	0.4375124269	112.5011180	51.96089399	90.00000000	0.4764337390	100.0000000	112.9657221	76.82147959
341.5903729	279.0000000	90.00000000	0.1842552634	1.936153528	500.0000000	9.546739621	90.00000000	0.4340439234	110.9654758	52.03911215	90.00000000	0.4794137626	100.0000000	113.7527327	134.5561226
341.8233880	279.0000000	90.00000000	0.09493580008	2.608044640	500.0000000	8.672629916	90.00000000	0.4632357988	148.7664974	48.75916734	90.00000000	0.4870142518	85.42968911	110.0200555	24.83067499
341.5208664	279.0000000	90.00000000	0.1842899659	2.284057366	500.0000000	9.097983106	90.00000000	0.4407947730	125.2893510	50.09413815	90.00000000	0.4782351163	100.0000000	108.8691034	14.26352136
341.5837156	279.0000000	90.00000000	0.1212449813	2.177328536	500.0000000	9.267450335	90.00000000	0.4529771523	103.6848565	53.59682238	90.00000000	0.4851439843	100.0000000	115.3917475	65.66933602
341.4124310	279.0000000	90.00000000	0.1891773950	1.985979434	500.0000000	9.229548545	90.00000000	0.4414298912	122.2298779	50.89968001	90.00000000	0.4696739760	100.0000000	110.1110488	41.19762314
341.3809772	279.0000000	90.00000000	0.1678652941	2.101606896	500.0000000	9.171920054	90.00000000	0.4401227114	119.9257220	51.15294693	90.00000000	0.4806516365	100.0000000	111.3291105	67.22960061
341.3486072	279.0000000	90.00000000	0.2333238625	1.778747857	500.0000000	9.544926429	90.00000000	0.4376988146	122.5935525	50.82019192	90.00000000	0.4650236067	100.0000000	110.9160865	5072.867271
341.6634151	279.0000000	90.00000000	0.1685411556	1.847648408	500.0000000	9.174060932	90.00000000	0.4356536504	128.9311632	49.86357924	90.00000000	0.4754034995	100.0000000	109.3918190	28.44556920
341.3337590	279.0000000	90.00000000	0.1033138842	2.578996078	500.0000000	8.990860083	90.00000000	0.4541641076	109.4538508	52.77333283	90.00000000	0.4965482664	100.0000000	113.2162416	20.27015262
341.2995047	279.0000000	90.00000000	0.1492638003	2.286482959	500.0000000	9.343235928	90.00000000	0.4451809637	106.0762624	52.96002012	90.00000000	0.4835053479	100.0000000	114.0475794	58.40233012
341.7919267	279.0000000	90.00000000	0.1724851947	1.909933779	500.0000000	9.441787716	90.00000000	0.4413348798	110.6881716	52.47341048	90.00000000	0.4822795650	100.0000000	114.3101182	11895.23366
341.7518313	279.0000000	90.00000000	0.1935840144	1.926071513	500.0000000	9.447701392	90.00000000	0.4363981028	113.9565744	51.80146885	90.00000000	0.4770162376	100.0000000	113.1477667	141.7626273
341.6034321	279.0000000	90.00000000	0.1967695626	2.019797245	500.0000000	9.253479026	90.00000000	0.4342709361	124.9198956	50.63842718	90.00000000	0.4778812467	100.0000000	109.7526238	106.3503543
341.2559145	279.0000000	90.00000000	0.2061178324	2.188681524	500.0000000	9.430646028	90.00000000	0.4411556350	115.8021208	51.42196429	90.00000000	0.4699555285	100.0000000	110.6906289	26.49610649
341.8129779	279.0000000	90.00000000	0.1713011807	1.892839977	500.0000000	9.451528345	90.00000000	0.4416246151	112.1524928	52.45009828	90.00000000	0.4774801025	100.0000000	112.9407271	110.7936828
341.5074356	279.0000000	90.00000000	0.2046872792	1.946662541	500.0000000	9.662489929	90.00000000	0.4419161983	107.2314013	53.16316332	90.00000000	0.4726811137	100.0000000	113.7215994	9651.727177
341.2193892	279.0000000	90.00000000	0.1669550520	2.182185767	500.0000000	9.333212605	90.00000000	0.4429084949	109.3386391	52.48163803	90.00000000	0.4799169390	100.0000000	113.4923715	72.10033078
341.3658503	279.0000000	90.00000000	0.1841608938	2.269812499	500.0000000	9.343959236	90.00000000	0.4435019160	111.8240748	52.02094516	90.00000000	0.4803206957	100.0000000	112.8328311	38.76975180
341.8171709	279.0000000	90.00000000	0.1343750178	2.221641619	500.0000000	9.335138106	90.00000000	0.4536445227	106.4065400	53.41320226	90.00000000	0.4835626177	100.0000000	113.7943999	52.85006259
341.4640105	279.0000000	90.00000000	0.1978143551	1.952905770	500.0000000	9.472093005	90.00000000	0.4434205446	115.1923190	51.88425553	90.00000000	0.4713535864	100.0000000	112.3444394	16163.39651
341.4340112	279.0000000	90.00000000	0.1209667284	2.001422106	500.0000000	9.086092037	90.00000000	0.4526703483	114.6588521	52.46515138	90.00000000	0.4762676331	100.0000000	112.0298379	135.7152880
341.3872252	279.0000000	90.00000000	0.1331564975	3.579396784	423.0496691	9.345454112	90.00000000	0.4605444019	189.2888328	45.60266984	90.00000000	0.5039645908	63.89858767	110.4318609	17677.88045
341.4403225	279.0000000	90.00000000	0.1050393846	2.058137804	500.0000000	8.908973642	90.00000000	0.4502061165	123.3449678	51.14890606	90.00000000	0.4847954043	100.0000000	110.0327577	22.85036320
341.4881506	279.0000000	90.00000000	0.2156272465	1.906883499	500.0000000	9.359472852	90.00000000	0.4384175709	125.2402555	50.82338207	90.00000000	0.4678054481	100.0000000	109.1928563	77.94185269
341.6601331	279.0000000	90.00000000	0.2012149959	1.846453371	500.0000000	9.414833316	90.00000000	0.4407708815	119.8939006	51.41317159	90.00000000	0.4677659843	100.0000000	111.0820836	9157.016015
341.4228147	279.0000000	90.00000000	0.1701540200	1.970451228	500.0000000	9.637252808	90.00000000	0.4442826653	101.9443273	53.49461029	90.00000000	0.4799469087	100.0000000	116.1943355	34266.57472
341.5488337	279.0000000	90.00000000	0.2219504828	2.011940816	500.0000000	9.496667843	90.00000000	0.4347549429	118.1292585	51.17732573	90.00000000	0.4709976837	100.0000000	111.4070449	60.69443424
341.5269788	279.0000000	90.00000000	0.1738925332	2.033722264	500.0000000	9.320118825	90.00000000	0.4384529550	116.7996479	51.42204314	90.00000000	0.4776295183	100.0000000	111.6179066	40.35101747
341.5812693	279.0000000	90.00000000	0.1893070167	2.222528145	500.0000000	9.144552577	90.00000000	0.4343967607	125.6384057	49.96122377	90.00000000	0.4812665386	100.0000000	109.6623755	23.59287156
341.6244302	279.0000000	90.00000000	0.2027999795	1.861351458	500.0000000	9.235294113	90.00000000	0.4342373850	131.0814628	49.52489050	90.00000000	0.4736527637	100.0000000	109.0229318	32.00904313
341.6548940	279.0000000	90.00000000	0.1964820457	1.991982100	500.0000000	9.370274022	90.00000000	0.4361154852	119.4195661	50.89957807	90.00000000	0.4739735630	100.0000000	110.8397744	44.33416869
341.5535285	279.0000000	90.00000000	0.1516309053	1.985654888	500.0000000	9.320818588	90.00000000	0.4451742445	112.0994988	52.11804585	90.00000000	0.4774653427	100.0000000	112.8997298	36.09069331
341.4954239	279.0000000	90.00000000	0.1784849095	2.044469015	500.0000000	9.510965368	90.00000000	0.4433610525	105.4344442	53.39369914	90.00000000	0.4754488131	100.0000000	114.3641324	372.3859964
341.7258914	279.0000000	90.00000000	0.2088735586	2.036165802	500.0000000	9.226249074	90.00000000	0.4305209149	124.3626374	50.13458671	90.00000000	0.4730932680	100.0000000	110.3681783	43.66257431
341.4142194	279.0000000	90.00000000	0.2026742389	1.917046643	500.0000000	9.662070228	90.00000000	0.4445454947	108.1845486	52.83491712	90.00000000	0.4731404174	100.0000000	114.0700636	48757.35309
341.5566688	279.0000000	90.00000000	0.1878296937	1.881240830	500.0000000	9.605601780	90.00000000	0.4375321565	107.7561856	52.74621076	90.00000000	0.4772822214	100.0000000	114.1811019	17957.40005
341.3747107	279.0000000	90.00000000	0.2169032703	1.860868067	500.0000000	9.451241608	90.00000000	0.4367716909	120.6986363	50.84526734	90.00000000	0.4690758265	100.0000000	110.8901178	41.82751444
341.5631914	279.0000000	90.00000000	0.1896241111	1.974277989	500.0000000	9.338019372	90.00000000	0.4394187062	118.0902675	51.44084448	90.00000000	0.4744241424	100.0000000	111.4657041	74.71492432
341.3711543	279.0000000	90.00000000	0.2023292085	1.884786931	500.0000000	9.339585151	90.00000000	0.4424593760	123.5944228	50.99086566	90.00000000	0.4680738924	100.0000000	110.0345937	86.16416339
341.6474738	279.0000000	90.00000000	0.2066366601	1.766675321	500.0000000	9.485097288	90.00000000	0.4337747789	122.8444136	50.72312936	90.00000000	0.4724607351	100.0000000	110.6712482	94.52008203
341.6514692	279.0000000	90.00000000	0.1107868044	2.295206307	500.0000000	8.965723852	90.00000000	0.4590774215	115.7200237	51.75786197	90.00000000	0.4839989810	100.0000000	111.5001269	16.53206043
341.3516993	279.0000000	90.00000000	0.1713853025	2.349036856	500.0000000	9.434945778	90.00000000	0.4457181117	107.5593009	52.66176413	90.00000000	0.4840411762	100.0000000	113.7726300	38.07686675
341.6564100	279.0000000	90.00000000	0.2023624357	1.961530259	500.0000000	9.498164569	90.00000000	0.4370429461	112.7825503	52.08521539	90.00000000	0.4750722741	100.0000000	113.0977028	111.1853492
341.2668819	279.0000000	90.00000000	0.1602176742	2.009418309	500.0000000	9.218876389	90.00000000	0.4524650073	118.5166016	51.93174062	90.00000000	0.4729168420	100.0000000	111.0669257	45.81700736
341.5902801	279.0000000	90.00000000	0.2247872172	1.854585212	500.0000000	9.647713119	90.00000000	0.4363494491	114.5495986	51.67085529	90.00000000	0.4689838416	100.0000000	112.7393338	4486.509943
341.5874125	279.0000000	90.00000000	0.1332893393	2.298769056	500.0000000	8.999002954	90.00000000	0.4509983400	120.9664410	50.65984769	90.00000000	0.4807589906	100.0000000	110.6622321	16.73099671
341.4259457	279.0000000	90.00000000	0.1918568115	1.898938919	500.0000000	9.734037472	90.00000000	0.4444393720	102.9022557	53.43473600	90.00000000	0.4730886137	100.0000000	115.2187606	26525.48621
341.3774027	279.0000000	90.00000000	0.1531827811	2.150636736	500.0000000	8.919394410	90.00000000	0.4511379987	127.2289769	50.48413857	90.00000000	0.4726079125	100.0000000	108.9407397	21.85980830
341.6450058	279.0000000	90.00000000	0.1246480679	1.904296634	500.0000000	9.345844267	90.00000000	0.4563375738	106.4004462	53.50994143	90.00000000	0.4753904846	100.0000000	114.4911174	7796.066095
341.6648871	279.0000000	90.00000000	0.2099638838	1.918797878	500.0000000	9.998664582	90.00000000	0.4409109645	94.13175447	54.47872884	90.00000000	0.4732319354	100.0000000	117.7934732	17429.07005
341.6506329	279.0000000	90.00000000	0.1732146440	1.829702377	500.0000000	9.321494262	90.00000000	0.4463099323	117.0332925	51.75789583	90.00000000	0.4709688378	100.0000000	112.2601506	387.8598025
341.9034990	279.0000000	90.00000000	0.1176366800	2.162026343	500.0000000	9.172232261	90.00000000	0.4547963355	108.7385970	52.84775257	90.00000000	0.4831126908	100.0000000	113.7761354	30.95395343
341.5344368	279.0000000	90.00000000	0.1369923095	1.886696077	500.0000000	9.485924984	90.00000000	0.4518098090	101.9722923	53.85090113	90.00000000	0.4789006476	100.0000000	116.3337087	10702.53829
341.4933102	279.0000000	90.00000000	0.1358812633	1.949785047	500.0000000	9.487629648	90.00000000	0.4521562886	99.92953055	54.54253401	90.00000000	0.4789112644	100.0000000	115.9709331	3010.190937
341.5662585	279.0000000	90.00000000	0.2048066283	1.841433670	500.0000000	9.609211148	90.00000000	0.4306327656	114.3074510	51.51537460	90.00000000	0.4759926387	100.0000000	113.5117013	18308.75658
341.4685017	279.0000000	90.00000000	0.1609388221	1.944915396	500.0000000	9.657979474	90.00000000	0.4407195508	99.27968973	54.09254728	90.00000000	0.4836711767	100.0000000	116.7565917	243.4102827
341.5142249	279.0000000	90.00000000	0.1762118042	2.095326932	500.0000000	9.541601718	90.00000000	0.4503510005	103.1722905	53.42715411	90.00000000	0.4776316446	100.0000000	115.5949670	617.2878695
341.5353207	279.0000000	90.00000000	0.1709405035	1.887007296	500.0000000	9.459877978	90.00000000	0.4437219481	111.0852618	52.51163606	90.00000000	0.4766397394	100.0000000	113.6390280	15049.42274
341.6428573	279.0000000	90.00000000	0.2041242779	1.945273391	500.0000000	9.477447231	90.00000000	0.4258376050	116.1143726	51.14795147	90.00000000	0.4823470957	100.0000000	112.5288294	41.24188199
341.6573387	279.0000000	90.00000000	0.2325228332	1.912104993	500.0000000	9.439137505	90.00000000	0.4311440260	126.1675398	50.12341542	90.00000000	0.4715913482	100.0000000	109.7939334	48.17125428
341.5348385	279.0000000	90.00000000	0.1842561778	2.189230902	500.0000000	9.339425572	90.00000000	0.4404898558	116.9315369	51.23035227	90.00000000	0.4790129985	100.0000000	111.3840729	25.27278013
341.6649081	279.0000000	90.00000000	0.1893852085	2.018474181	500.0000000	9.583359134	90.00000000	0.4453549398	110.4046265	52.50280942	90.00000000	0.4771019267	100.0000000	113.4619575	79.23209733
341.6894701	279.0000000	90.00000000	0.1399260397	1.869653145	500.0000000	9.089058940	90.00000000	0.4506410387	121.8086282	51.67251235	90.00000000	0.4719495929	100.0000000	110.1848150	475.5256912
341.6037383	279.0000000	90.00000000	0.1624167086	1.916394768	500.0000000	9.412600339	90.00000000	0.4380540869	111.4822935	51.87223542	90.00000000	0.4817089711	100.0000000	114.0031656	55.32269832
341.5459969	279.0000000	90.00000000	0.1607691087	2.475398551	500.0000000	9.147909349	90.00000000	0.4459838255	117.2080060	51.09946619	90.00000000	0.4810089343	100.0000000	109.8478192	15.48163879
341.9118931	279.0000000	90.00000000	0.1952218830	2.115260208	500.0000000	9.284491258	90.00000000	0.4329505646	118.9196933	51.16096300	90.00000000	0.4762998673	100.0000000	111.1282660	89.66959156
341.8883981	279.0000000	90.00000000	0.1562408647	2.170763525	500.0000000	9.250354995	90.00000000	0.4521056139	115.3708390	51.99452049	90.00000000	0.4761087248	100.0000000	111.3635263	30.52695754
341.6921410	279.0000000	90.00000000	0.1729687328	2.041338974	500.0000000	9.203566579	90.00000000	0.4332815391	122.4823615	50.66552655	90.00000000	0.4806295176	100.0000000	110.3533528	36.07737293
341.2245755	279.0000000	90.00000000	0.1583179607	2.026144568	500.0000000	9.448521527	90.00000000	0.4405568516	107.6820812	52.72096465	90.00000000	0.4841737120	100.0000000	114.1372942	66.11464967
341.3680491	279.0000000	90.00000000	0.1545091027	2.233661027	500.0000000	9.145716105	90.00000000	0.4489620862	117.4776501	51.33328617	90.00000000	0.4786076026	100.0000000	110.7281987	17.77410625
341.9223338	279.0000000	90.00000000	0.1306936771	2.457855788	500.0000000	8.865535301	90.00000000	0.4493173633	126.1247994	50.15541224	90.00000000	0.4849577644	100.0000000	108.5746048	12.50178169
341.2767232	279.0000000	90.00000000	0.1183205253	2.282776421	500.0000000	8.796380341	90.00000000	0.4503079723	127.8419517	50.21758328	90.00000000	0.4810405502	100.0000000	107.9629592	13.60485085
341.4414355	279.0000000	90.00000000	0.1379964351	2.184983062	500.0000000	8.820862446	90.00000000	0.4425618506	129.5680784	49.86821376	90.00000000	0.4776763453	100.0000000	107.9271682	16.99410836
341.5716189	279.0000000	90.00000000	0.1912395862	1.887136983	500.0000000	9.612813527	90.00000000	0.4461865934	109.8427082	52.69929208	90.00000000	0.4734900208	100.0000000	113.5077378	89.92665885
341.6132672	279.0000000	90.00000000	0.1615814863	2.172576038	500.0000000	9.356393524	90.00000000	0.4515528144	110.7066183	52.34418548	90.00000000	0.4744070289	100.0000000	112.3698949	28.98653961
341.5174154	279.0000000	90.00000000	0.2119080875	1.831505150	500.0000000	9.372570476	90.00000000	0.4360550435	123.7002530	51.06696354	90.00000000	0.4670604364	100.0000000	109.9404779	6181.525251
341.6435591	279.0000000	90.00000000	0.08092443663	2.475307241	500.0000000	9.156220496	90.00000000	0.4632719047	98.39778733	54.33709739	90.00000000	0.4898485579	100.0000000	115.3727942	20.83004251
341.3627496	279.0000000	90.00000000	0.2188766246	2.130313691	500.0000000	9.240712650	90.00000000	0.4260535097	130.2000658	49.33958454	90.00000000	0.4793402642	100.0000000	108.2370299	20.67083733
341.5410458	279.0000000	90.00000000	0.1488927901	2.994454362	500.0000000	8.936692491	90.00000000	0.4498500172	122.3824876	49.68424302	90.00000000	0.4877273704	100.0000000	108.8206263	10.01883924
341.9689504	279.0000000	90.00000000	0.1373359132	2.781685808	500.0000000	8.923333344	90.00000000	0.4488994778	119.0240588	50.95091207	90.00000000	0.4903829728	100.0000000	109.6680988	14.29012487
341.5381531	279.0000000	90.00000000	0.1965599896	1.826726317	500.0000000	9.453820433	90.00000000	0.4365716703	118.0574742	51.39764174	90.00000000	0.4750101431	100.0000000	112.0771363	91.98716562
341.3320753	279.0000000	90.00000000	0.1843002970	2.007954680	500.0000000	9.360491364	90.00000000	0.4395677891	115.7107412	51.39342734	90.00000000	0.4789003890	100.0000000	112.3747964	32.50386300
341.8278704	279.0000000	90.00000000	0.1068425233	2.490633959	500.0000000	8.642137691	90.00000000	0.4504286326	142.8862231	48.51307963	90.00000000	0.4908356821	93.39645912	107.5389926	10.46286158
341.6850566	279.0000000	90.00000000	0.1538525479	2.116334088	500.0000000	9.115541044	90.00000000	0.4470824953	118.5928888	51.26696589	90.00000000	0.4767376532	100.0000000	110.6050451	21.12363110
341.5808463	279.0000000	90.00000000	0.1929954080	1.867300239	500.0000000	9.494549592	90.00000000	0.4360258703	111.3598874	52.08968805	90.00000000	0.4780510005	100.0000000	114.2211327	175.9842998
341.9048446	279.0000000	90.00000000	0.1465404697	2.172769413	500.0000000	8.792254569	90.00000000	0.4459089306	135.4525465	48.95600065	90.00000000	0.4763426467	100.0000000	106.8011104	11.57604068
341.4475052	279.0000000	90.00000000	0.2101712199	2.154309397	500.0000000	9.412708313	90.00000000	0.4407124605	116.6520693	51.16936261	90.00000000	0.4725451532	100.0000000	111.5072681	34.98873411
341.6019276	279.0000000	90.00000000	0.1863508329	1.917838770	500.0000000	9.677378329	90.00000000	0.4390510719	103.4827350	53.22574874	90.00000000	0.4782681986	100.0000000	115.3600853	127.9220662
341.5161318	279.0000000	90.00000000	0.1830350011	1.819211781	500.0000000	9.532331826	90.00000000	0.4401019537	111.8147332	52.28632334	90.00000000	0.4731703036	100.0000000	113.6678950	4460.630445
341.6386794	279.0000000	90.00000000	0.1613764311	1.969779828	500.0000000	9.504684627	90.00000000	0.4531487113	104.2054499	53.90774826	90.00000000	0.4729472043	100.0000000	114.8172104	5642.481579
341.7452830	279.0000000	90.00000000	0.2090696520	2.107529588	500.0000000	9.383279455	90.00000000	0.4400541591	120.3411033	51.01035445	90.00000000	0.4754203756	100.0000000	110.4316396	29.94225958
341.6618715	279.0000000	90.00000000	0.2019469022	1.872353887	500.0000000	9.481015589	90.00000000	0.4353246341	117.9706395	51.31542022	90.00000000	0.4742428154	100.0000000	111.8395338	164.6687829
341.3448936	279.0000000	90.00000000	0.1111118201	2.325693120	500.0000000	8.879192976	90.00000000	0.4555865361	121.2247614	51.32332613	90.00000000	0.4803143360	100.0000000	109.4819201	16.52150652
341.6606184	279.0000000	90.00000000	0.1563317348	1.935053891	500.0000000	9.358963542	90.00000000	0.4466630308	110.1495620	52.67731618	90.00000000	0.4731691213	100.0000000	112.8678692	38.69018115
341.1942433	279.0000000	90.00000000	0.1926750569	2.168128126	500.0000000	9.416240278	90.00000000	0.4353014651	113.0505104	51.61751228	90.00000000	0.4821191652	100.0000000	113.1557260	51.58915669
341.7173910	279.0000000	90.00000000	0.1391402816	2.173649504	500.0000000	9.410734746	90.00000000	0.4501646633	102.7931395	53.65316625	90.00000000	0.4869555988	100.0000000	115.7020919	82.84377403
341.5633590	279.0000000	90.00000000	0.1531983359	1.923476894	500.0000000	9.303960836	90.00000000	0.4439685076	115.6071776	52.00243169	90.00000000	0.4757171364	100.0000000	112.1371804	157.2725442
341.3131047	279.0000000	90.00000000	0.1680035382	1.997564160	500.0000000	9.271361753	90.00000000	0.4410752257	116.9081770	51.58297662	90.00000000	0.4770205473	100.0000000	111.6638988	43.57306201
341.6348360	279.0000000	90.00000000	0.1634866835	1.902762611	500.0000000	9.397453686	90.00000000	0.4432463077	112.7661091	52.15663059	90.00000000	0.4741433128	100.0000000	112.6208724	64.84800451
341.7587793	279.0000000	90.00000000	0.2144153795	2.055949597	500.0000000	9.400472306	90.00000000	0.4324086762	121.4905947	50.51765432	90.00000000	0.4806656254	100.0000000	110.6996599	27.31504703
341.6967732	279.0000000	90.00000000	0.1938937575	1.943635560	500.0000000	9.283503183	90.00000000	0.4357779288	125.1782301	50.19863404	90.00000000	0.4721951247	100.0000000	109.6470536	32.71091874
341.7066379	279.0000000	90.00000000	0.1635102730	2.231462080	500.0000000	9.143829673	90.00000000	0.4458520543	119.2426276	51.57509959	90.00000000	0.4787364643	100.0000000	110.4419258	34.35671218
341.7047114	279.0000000	90.00000000	0.1366040994	2.123344951	500.0000000	9.061328752	90.00000000	0.4465414848	120.0954652	51.27104829	90.00000000	0.4846367565	100.0000000	111.2880893	31.45760507
341.3734446	279.0000000	90.00000000	0.1998345718	1.786123715	500.0000000	9.744980548	90.00000000	0.4374220071	108.7588719	52.34951974	90.00000000	0.4732452948	100.0000000	114.4459941	12750.41466
341.3879664	279.0000000	90.00000000	0.2304729108	1.903086704	500.0000000	9.638074081	90.00000000	0.4332032667	116.5068990	51.46581938	90.00000000	0.4705128664	100.0000000	112.1586028	9244.190169
341.5439803	279.0000000	90.00000000	0.2188144686	1.911175480	500.0000000	9.292786599	90.00000000	0.4319653711	127.7357252	50.24156934	90.00000000	0.4688055609	100.0000000	108.4874093	76.62619908
341.6159473	279.0000000	90.00000000	0.1849691731	1.933560432	500.0000000	9.323766844	90.00000000	0.4413625145	116.0160573	52.04999260	90.00000000	0.4724184727	100.0000000	111.9292595	256.6522992
341.4535890	279.0000000	90.00000000	0.1457935520	2.172146080	500.0000000	8.956896699	90.00000000	0.4429926823	128.1077696	49.86270638	90.00000000	0.4813101048	100.0000000	108.9618259	18.01176158
341.7572976	279.0000000	90.00000000	0.1663140446	2.234426585	500.0000000	9.204883881	90.00000000	0.4446606496	119.9098362	50.73917983	90.00000000	0.4776053189	100.0000000	110.0951751	15.06321020
341.4680732	279.0000000	90.00000000	0.2284055592	2.052904796	500.0000000	9.507181858	90.00000000	0.4373513117	118.4890598	51.00922515	90.00000000	0.4707147360	100.0000000	111.1301574	34.31227542
341.3283134	279.0000000	90.00000000	0.09968545530	2.284719565	500.0000000	9.099511955	90.00000000	0.4630299538	108.9019554	53.10129032	90.00000000	0.4860948813	100.0000000	112.7897348	20.23036791
341.3446531	279.0000000	90.00000000	0.1492344042	1.829566046	500.0000000	9.260978046	90.00000000	0.4516240044	117.1741375	51.97073062	90.00000000	0.4743005692	100.0000000	111.8449153	40.72713594
341.6039450	279.0000000	90.00000000	0.2251252463	1.760000077	500.0000000	9.546844211	90.00000000	0.4375605847	121.3941854	51.19988526	90.00000000	0.4650296452	100.0000000	110.6132513	9039.294018
341.5146362	279.0000000	90.00000000	0.1696560629	2.037264812	500.0000000	9.518664622	90.00000000	0.4481228172	106.7317864	53.03821959	90.00000000	0.4746249250	100.0000000	114.5146082	246.2769179
341.3776335	279.0000000	90.00000000	0.1502761089	2.089273242	500.0000000	9.221058315	90.00000000	0.4484989848	114.7024475	51.95721072	90.00000000	0.4791209702	100.0000000	112.4634679	41.06208610
341.8571979	279.0000000	90.00000000	0.1244511988	2.131114220	500.0000000	9.077303127	90.00000000	0.4517463945	117.6056450	51.37644198	90.00000000	0.4798874901	100.0000000	111.6106090	18.24699010
341.2721870	279.0000000	90.00000000	0.2178661471	2.432534018	500.0000000	9.292971309	90.00000000	0.4296316866	123.5369995	49.76772020	90.00000000	0.4823591451	100.0000000	109.8942019	17.50527372
341.3211309	279.0000000	90.00000000	0.2100083967	1.901687427	500.0000000	9.342582189	90.00000000	0.4400629652	123.4857322	50.78189757	90.00000000	0.4653984311	100.0000000	110.3015255	128.4204326
341.4531035	279.0000000	90.00000000	0.1772139073	1.910487825	500.0000000	9.611299575	90.00000000	0.4443159424	104.2948283	53.53155043	90.00000000	0.4725318866	100.0000000	114.4660906	616.1165799
341.5910818	279.0000000	90.00000000	0.1993170229	1.856783114	500.0000000	9.510375379	90.00000000	0.4400745941	114.4044470	52.21829893	90.00000000	0.4730426305	100.0000000	112.3547774	10104.21222
341.7151725	279.0000000	90.00000000	0.1714383917	2.077899168	500.0000000	9.265686749	90.00000000	0.4430367457	119.9124501	51.11707240	90.00000000	0.4755974119	100.0000000	110.2172468	24.35413257
341.6026359	279.0000000	90.00000000	0.1705501123	2.046235090	500.0000000	9.314527966	90.00000000	0.4458670797	116.4102839	51.58255721	90.00000000	0.4727330387	100.0000000	111.5382484	43.25952996
341.6549118	279.0000000	90.00000000	0.1409471306	2.313436527	500.0000000	9.162346884	90.00000000	0.4417576983	108.2716064	52.76437177	90.00000000	0.4891889105	100.0000000	113.4933130	55.48418428
341.5644664	279.0000000	90.00000000	0.2207982223	1.835600402	500.0000000	9.469969363	90.00000000	0.4287300299	122.4446982	50.16857626	90.00000000	0.4672780948	100.0000000	110.8857269	50.08535069
341.4528611	279.0000000	90.00000000	0.1826605606	1.875807552	500.0000000	9.430078909	90.00000000	0.4411066196	113.7423596	51.78086457	90.00000000	0.4717652193	100.0000000	113.0576035	69.20395225
341.7207790	279.0000000	90.00000000	0.1154630442	2.419710493	500.0000000	8.951277782	90.00000000	0.4528729866	116.5890385	51.47409207	90.00000000	0.4891932804	100.0000000	111.2359254	15.55452708
341.2467641	279.0000000	90.00000000	0.1931181492	1.878574769	500.0000000	9.520299477	90.00000000	0.4416851109	114.2384487	52.23926928	90.00000000	0.4741480722	100.0000000	112.7574770	23568.80041
341.5233062	279.0000000	90.00000000	0.1707074584	2.010073830	500.0000000	9.533705045	90.00000000	0.4410645920	103.5228222	53.39342119	90.00000000	0.4786655773	100.0000000	115.1567904	918.0480496
341.3186820	279.0000000	90.00000000	0.1773942690	1.941692447	500.0000000	9.229941123	90.00000000	0.4421554047	123.7549953	50.75042129	90.00000000	0.4706875372	100.0000000	109.3929974	27.76535356
341.6080804	279.0000000	90.00000000	0.1589673149	2.283039939	500.0000000	9.159298220	90.00000000	0.4421103970	117.6258005	51.22657136	90.00000000	0.4829512093	100.0000000	111.4325623	27.87390129
341.3822541	279.0000000	90.00000000	0.1832239335	1.868256077	500.0000000	9.423159386	90.00000000	0.4436564284	115.9733524	51.98072666	90.00000000	0.4708543368	100.0000000	112.0453374	1904.987224
341.7293564	279.0000000	90.00000000	0.1216586273	2.403197291	500.0000000	9.568179495	90.00000000	0.4551379323	88.69533267	55.83646464	90.00000000	0.4927922894	100.0000000	118.5596967	45.94866864
341.4254046	279.0000000	90.00000000	0.1810402290	1.993423727	500.0000000	9.538062347	90.00000000	0.4440943604	106.4443415	53.17592498	90.00000000	0.4789945788	100.0000000	114.7448496	154.9554571
341.6173745	279.0000000	90.00000000	0.1173047216	2.057942720	500.0000000	9.208140827	90.00000000	0.4499930089	108.8940716	53.14461660	90.00000000	0.4868190522	100.0000000	113.6808977	48.19375891
341.5888757	279.0000000	90.00000000	0.1574767461	1.966572340	500.0000000	9.296505427	90.00000000	0.4504170161	114.3492882	52.14073375	90.00000000	0.4726559764	100.0000000	112.3348052	43.66002463
341.6315102	279.0000000	90.00000000	0.1827457743	1.923501981	500.0000000	9.611407794	90.00000000	0.4363364442	106.0916327	52.78815024	90.00000000	0.4801373180	100.0000000	115.6219989	3112.247997
341.8570592	279.0000000	90.00000000	0.1850665597	1.953096430	500.0000000	9.404848272	90.00000000	0.4431047659	115.4698921	51.65934517	90.00000000	0.4742936611	100.0000000	112.4854767	39.29198070
341.3464457	279.0000000	90.00000000	0.2078095906	1.981268735	500.0000000	9.649098352	90.00000000	0.4378338886	110.0351483	52.10677361	90.00000000	0.4757398975	100.0000000	114.2275784	10469.63639
341.4396211	279.0000000	90.00000000	0.1846760757	2.133884350	500.0000000	9.381419925	90.00000000	0.4388930593	114.9146323	51.50179897	90.00000000	0.4799335505	100.0000000	111.9113481	28.32973315
341.4247111	279.0000000	90.00000000	0.1806785459	2.268005797	500.0000000	9.372001368	90.00000000	0.4364730661	113.3627049	51.39006374	90.00000000	0.4859905426	100.0000000	113.0024409	25.77611672
341.3305643	279.0000000	90.00000000	0.09343898409	2.431248882	500.0000000	8.777073638	90.00000000	0.4558925045	121.3455848	50.95192543	90.00000000	0.4867289941	100.0000000	110.1063090	15.17579533
341.3997329	279.0000000	90.00000000	0.1168594141	1.986563822	500.0000000	9.368743230	90.00000000	0.4563650074	101.7851571	54.33418210	90.00000000	0.4848056871	100.0000000	116.0088838	201.3996527
341.5114242	279.0000000	90.00000000	0.1848905865	2.229917992	500.0000000	9.310130307	90.00000000	0.4382822311	117.2206950	51.33648095	90.00000000	0.4854766028	100.0000000	111.7313519	32.68378013
341.6431928	279.0000000	90.00000000	0.1850923162	2.169813086	500.0000000	9.319823882	90.00000000	0.4425746926	114.4404432	52.17111757	90.00000000	0.4767592440	100.0000000	111.7587727	89.35536358
341.4381154	279.0000000	90.00000000	0.1828635556	2.236487137	500.0000000	9.233922937	90.00000000	0.4361367272	117.8591227	51.16000170	90.00000000	0.4832323551	100.0000000	111.8938206	55.02401982
341.4762863	279.0000000	90.00000000	0.2386466807	1.915463206	500.0000000	9.531098626	90.00000000	0.4303520152	120.1651995	51.27210647	90.00000000	0.4692271264	100.0000000	110.4524597	7981.670068
341.5708878	279.0000000	90.00000000	0.1931374833	1.743003379	500.0000000	9.441806705	90.00000000	0.4411678047	125.1624740	50.56491309	90.00000000	0.4673281558	100.0000000	110.2599381	1598.518697
341.4783599	279.0000000	90.00000000	0.1858406398	1.860088444	500.0000000	9.464314706	90.00000000	0.4411924801	115.2562703	51.81228794	90.00000000	0.4712406079	100.0000000	111.9990727	105.6506732
341.5484561	279.0000000	90.00000000	0.1921010138	2.132266846	500.0000000	9.481463833	90.00000000	0.4338979268	108.9296491	52.66929130	90.00000000	0.4801545277	100.0000000	113.2950679	14667.20369
341.9391053	279.0000000	90.00000000	0.1705733190	2.338104455	500.0000000	9.190222890	90.00000000	0.4354858281	116.2932699	51.24100118	90.00000000	0.4876348380	100.0000000	112.0368998	34.41616667
341.5467768	279.0000000	90.00000000	0.05771133090	2.966572685	500.0000000	7.924319345	90.00000000	0.4696403453	253.1443687	42.86395493	90.00000000	0.4816511729	43.38427530	106.8879923	588.3502522
341.6883339	279.0000000	90.00000000	0.1884298434	1.952412286	500.0000000	9.208777210	90.00000000	0.4380093337	125.8504699	50.51426746	90.00000000	0.4743809403	100.0000000	109.2356934	43.41058730
341.6526527	279.0000000	90.00000000	0.1430312797	2.190925765	500.0000000	9.336623592	90.00000000	0.4429005931	105.1323364	53.26300427	90.00000000	0.4855647362	100.0000000	114.2911736	81.30601255
341.7370005	279.0000000	90.00000000	0.1652567946	2.317310609	500.0000000	9.059984738	90.00000000	0.4447066615	121.0667312	50.51910750	90.00000000	0.4839153435	100.0000000	110.5924571	16.76519625
341.2484106	279.0000000	90.00000000	0.1272530790	2.117818940	500.0000000	8.994004304	90.00000000	0.4542786592	120.0860068	51.05602682	90.00000000	0.4792051322	100.0000000	110.9577648	15.34448430
341.3692856	279.0000000	90.00000000	0.1877497238	3.059519710	420.4998179	9.912358137	90.00000000	0.4439716708	120.7565834	49.43276301	90.00000000	0.4825925046	100.0000000	107.6299369	8.139290833
341.2586764	279.0000000	90.00000000	0.1978178549	2.166522157	500.0000000	9.405814403	90.00000000	0.4422722711	114.8742328	51.90634278	90.00000000	0.4735761164	100.0000000	111.4552213	43.74838460
341.4812938	279.0000000	90.00000000	0.1992403618	1.805878563	500.0000000	9.213804207	90.00000000	0.4356981389	133.1948599	49.63291943	90.00000000	0.4724862355	100.0000000	108.5054134	34.80152928
341.4900409	279.0000000	90.00000000	0.1481133797	2.075336555	500.0000000	9.254326121	90.00000000	0.4469071114	112.6073382	52.43396073	90.00000000	0.4797717986	100.0000000	112.4874996	41.56261279
341.4909001	279.0000000	90.00000000	0.1968981128	1.854453301	500.0000000	9.600111337	90.00000000	0.4407982252	113.4727855	51.92737070	90.00000000	0.4701348475	100.0000000	112.9932567	153.7873517
341.0408365	279.0000000	90.00000000	0.1625065174	2.740363554	500.0000000	9.060340214	90.00000000	0.4435325018	117.9435613	50.90670877	90.00000000	0.4868376749	100.0000000	109.7995939	15.25481209
341.6263712	279.0000000	90.00000000	0.2017978445	2.018877941	500.0000000	9.352829610	90.00000000	0.4371937385	118.4221333	51.37483736	90.00000000	0.4704356670	100.0000000	111.3542603	2197.573491
341.7364224	279.0000000	90.00000000	0.1261075939	2.178185501	500.0000000	9.327318249	90.00000000	0.4565175021	102.7614080	53.38525597	90.00000000	0.4797101456	100.0000000	114.9506302	30.50353704
341.4984295	279.0000000	90.00000000	0.1424005600	2.064006215	500.0000000	9.426832999	90.00000000	0.4456544487	102.1857964	54.14276068	90.00000000	0.4873955158	100.0000000	116.2003864	4554.325010
341.3861653	279.0000000	90.00000000	0.1568698112	1.976160568	500.0000000	9.381417383	90.00000000	0.4440589365	108.7320730	52.66006439	90.00000000	0.4744492025	100.0000000	113.4366070	51.48154293
341.6164475	279.0000000	90.00000000	0.1975909116	2.088906030	500.0000000	9.466707553	90.00000000	0.4439555743	113.9753660	52.06473721	90.00000000	0.4717817741	100.0000000	111.7890760	106.3763775
341.5402440	279.0000000	90.00000000	0.2028082690	1.787735258	500.0000000	9.368179661	90.00000000	0.4375791458	126.1009776	50.48155476	90.00000000	0.4672532292	100.0000000	109.6547147	98.98183030
341.4740649	279.0000000	90.00000000	0.1770646025	1.914642093	500.0000000	9.444433608	90.00000000	0.4413170343	111.3992109	52.59640300	90.00000000	0.4795250310	100.0000000	113.6729565	4512.341475
341.7344094	279.0000000	90.00000000	0.1812992234	2.007236206	500.0000000	9.272072050	90.00000000	0.4356094454	118.4375859	51.11357786	90.00000000	0.4829374212	100.0000000	112.0987082	35.32032775
341.5707797	279.0000000	90.00000000	0.1941996759	1.904434977	500.0000000	9.401959606	90.00000000	0.4412056281	114.6778915	51.91615631	90.00000000	0.4718564490	100.0000000	112.6934535	765.4024692
341.3843921	279.0000000	90.00000000	0.1772323712	1.917070167	500.0000000	9.345449618	90.00000000	0.4354278879	119.2467271	51.03513688	90.00000000	0.4784691850	100.0000000	111.5058352	35.66645888
341.4426806	279.0000000	90.00000000	0.1486128774	1.965563839	500.0000000	9.539421591	90.00000000	0.4580935511	100.7254362	54.33158988	90.00000000	0.4726481075	100.0000000	115.6270215	8054.122810
341.7462804	279.0000000	90.00000000	0.1780794527	2.006505628	500.0000000	9.419400615	90.00000000	0.4355818888	108.4701276	52.61348187	90.00000000	0.4795914569	100.0000000	114.1708112	11077.21545
341.6053497	279.0000000	90.00000000	0.1653810454	1.946873427	500.0000000	9.466287321	90.00000000	0.4410552313	105.6047366	53.03007308	90.00000000	0.4819738435	100.0000000	114.7492556	49.29538713
341.8172166	279.0000000	90.00000000	0.1584197605	2.043374561	500.0000000	9.206724738	90.00000000	0.4436600743	118.7415558	51.31270439	90.00000000	0.4823033887	100.0000000	111.2612124	26.68116161
341.6290644	279.0000000	90.00000000	0.1798087240	1.829916622	500.0000000	9.432571994	90.00000000	0.4400209397	113.8812001	51.83818721	90.00000000	0.4721608240	100.0000000	112.9244280	88.59140131
341.2036871	279.0000000	90.00000000	0.1720853875	2.152502435	500.0000000	9.367872532	90.00000000	0.4409141447	112.3984549	51.88938497	90.00000000	0.4823843239	100.0000000	112.6659613	29.11874990
341.3444184	279.0000000	90.00000000	0.1754680893	2.053786900	500.0000000	9.162828746	90.00000000	0.4371737286	126.0307514	50.28890499	90.00000000	0.4801676350	100.0000000	109.1945345	20.01573621
341.1746526	279.0000000	90.00000000	0.03792651848	3.391224471	500.0000000	8.170602503	90.00000000	0.4812084089	197.1139622	45.98264686	90.00000000	0.4884798449	61.75540284	108.9531534	747.0646530
341.4227963	279.0000000	90.00000000	0.1754436016	2.177413951	500.0000000	9.269203061	90.00000000	0.4459364039	118.6740306	51.12548981	90.00000000	0.4708227306	100.0000000	110.5105903	31.45604472
341.4934060	279.0000000	90.00000000	0.1911532914	1.920396928	500.0000000	9.348693802	90.00000000	0.4391682691	118.3829784	51.50058341	90.00000000	0.4711236427	100.0000000	111.4218315	156.7494422
341.7525507	279.0000000	90.00000000	0.1910626205	1.938088551	500.0000000	9.512394717	90.00000000	0.4422988221	112.0142545	52.13896393	90.00000000	0.4730255039	100.0000000	113.4746832	14184.07835
341.4774545	279.0000000	90.00000000	0.1932360048	2.398409608	500.0000000	9.322027889	90.00000000	0.4360727108	117.7339015	51.12123693	90.00000000	0.4854544425	100.0000000	110.5019919	21.72383438
341.6342315	279.0000000	90.00000000	0.1636873257	2.305929623	500.0000000	9.253171700	90.00000000	0.4406539829	111.4867958	52.09833081	90.00000000	0.4819149448	100.0000000	112.3444388	40.46098676
341.4088403	279.0000000	90.00000000	0.1035719025	2.052955124	500.0000000	9.061674514	90.00000000	0.4526757318	111.1984637	52.80041064	90.00000000	0.4852211160	100.0000000	113.1810875	64.72823419
341.3326610	279.0000000	90.00000000	0.1910877857	2.041235552	500.0000000	9.208332968	90.00000000	0.4371908853	125.4487437	50.10951336	90.00000000	0.4751758237	100.0000000	109.6544146	27.67531656
341.3634782	279.0000000	90.00000000	0.09256108067	2.155640973	500.0000000	9.051532060	90.00000000	0.4591900370	110.8269323	52.65893463	90.00000000	0.4826775664	100.0000000	112.6506655	19.22130786
341.5062360	279.0000000	90.00000000	0.1706381221	1.802789175	500.0000000	9.510980341	90.00000000	0.4460480772	110.2342000	52.81289433	90.00000000	0.4728941565	100.0000000	113.8263987	24583.15811
341.6403883	279.0000000	90.00000000	0.1537908055	2.236510915	500.0000000	9.112418462	90.00000000	0.4523860840	118.0139104	51.61645437	90.00000000	0.4747655985	100.0000000	109.8233123	19.84485970
341.5147682	279.0000000	90.00000000	0.1957293642	1.775688918	500.0000000	9.372878748	90.00000000	0.4355015939	124.0080538	50.76964009	90.00000000	0.4693846440	100.0000000	110.1137581	294.9711107
341.5161121	279.0000000	90.00000000	0.1793775448	1.916055438	500.0000000	9.663095223	90.00000000	0.4489733751	103.2711149	53.73579919	90.00000000	0.4747969816	100.0000000	115.3004577	6028.529807
341.3107255	279.0000000	90.00000000	0.1830157801	1.856496275	500.0000000	9.516169161	90.00000000	0.4445376929	110.3229003	52.75879594	90.00000000	0.4706864108	100.0000000	113.3115445	7158.967943
341.7001222	279.0000000	90.00000000	0.1640606731	2.058805746	500.0000000	9.308989378	90.00000000	0.4424784284	113.5273878	51.88047440	90.00000000	0.4802444230	100.0000000	113.1320917	75.34720213
341.4439463	279.0000000	90.00000000	0.1716713022	1.826842544	500.0000000	9.506884892	90.00000000	0.4444490711	110.1114812	52.67095031	90.00000000	0.4715022969	100.0000000	113.8044675	6932.037583
341.4627726	279.0000000	90.00000000	0.1634788857	1.978627442	500.0000000	9.365819524	90.00000000	0.4418902208	112.0721000	52.33556048	90.00000000	0.4763384553	100.0000000	113.0400204	4332.449055
341.5070999	279.0000000	90.00000000	0.1660163398	1.856467158	500.0000000	9.273406776	90.00000000	0.4481222207	118.0455740	51.88419547	90.00000000	0.4698134339	100.0000000	111.3788523	128.5105243
341.7123167	279.0000000	90.00000000	0.1542317231	2.197476220	500.0000000	9.204991651	90.00000000	0.4412751515	115.5272431	51.48931379	90.00000000	0.4818195860	100.0000000	111.7147876	25.35790184
341.2807548	279.0000000	90.00000000	0.1296343531	2.321266510	500.0000000	9.151726327	90.00000000	0.4540105276	109.9446958	52.60330329	90.00000000	0.4831053584	100.0000000	113.0726663	25.52694759
341.4674842	279.0000000	90.00000000	0.1754174197	1.977863201	500.0000000	9.435555422	90.00000000	0.4448511489	108.1612267	52.64041633	90.00000000	0.4748981374	100.0000000	114.3232921	940.1495204
341.6927281	279.0000000	90.00000000	0.1748084932	1.986777305	500.0000000	9.609208001	90.00000000	0.4446315476	104.0203632	53.12824203	90.00000000	0.4764425905	100.0000000	115.2882602	118.7786418
341.4346598	279.0000000	90.00000000	0.1959276281	1.952328096	500.0000000	9.586314936	90.00000000	0.4427971641	107.6513622	52.87729595	90.00000000	0.4746140848	100.0000000	114.2330791	405.5032778
341.5613956	279.0000000	90.00000000	0.1976936448	1.854361451	500.0000000	9.482611049	90.00000000	0.4354477119	118.1200902	51.04519699	90.00000000	0.4741035158	100.0000000	112.1301582	59.84967251
341.4188287	279.0000000	90.00000000	0.2250876150	1.901147860	500.0000000	9.331938639	90.00000000	0.4292972909	131.0572686	49.43571781	90.00000000	0.4736694268	100.0000000	108.1904513	24.35356517
