# Best-fit model results for imfit 1.8.0 (OpenMP-enabled)
# Generated on Sun Nov 20 12:35:18 2022 by the following command:
#    imfit NGC5772_i.fits -c config_sersic_exp.dat --sky=203.02283 --gain=4.86 --readnoise=4.6225 --save-model=model-7.fits --save-residual=resid-7.fits --save-params=params-7.dat --bootstrap 500 --save-bootstrap=bootstrap_output.dat
#
#
#X0		341.5035
#Y0		279.0000
#FUNCTION Sersic
#PA		     90
#ell		0.259111
#n		3.86392
#I_e		52.2309
#r_e		51.2196
#FUNCTION Exponential
#PA		24.5445
#ell		      0
#I_0		57.4231
#h		37.4124
#
# Bootstrap resampling output (500 iterations requested):
# X0_1		Y0_1		PA_1	ell_1	n_1	I_e_1	r_e_1	PA_2	ell_2	I_0_2	h_2	
341.3622377	279.0000000	90.00000000	0.1015288729	1.977885677	500.0000000	8.535960602	90.00000000	0.4655694645	329.6306664	41.43174542
341.7388642	279.0000000	90.00000000	0.09977341181	2.175149446	500.0000000	8.394966253	90.00000000	0.4656305120	333.1779409	41.13084880
341.4376874	279.0000000	90.00000000	0.08215121042	1.923756006	500.0000000	8.603112329	90.00000000	0.4693372670	324.0036456	41.88208269
341.5869100	279.0000000	90.00000000	0.1143863645	2.248642320	500.0000000	8.573540261	90.00000000	0.4649567177	324.5425557	41.52446196
341.6233080	279.0000000	90.00000000	0.07154514108	2.250035185	500.0000000	8.492150525	90.00000000	0.4726339985	319.2264203	42.18244954
341.5472226	279.0000000	90.00000000	0.1481885025	2.319387726	500.0000000	8.497443731	90.00000000	0.4595085348	333.9095814	40.85451735
341.6271994	279.0000000	90.00000000	0.1576119126	1.980216797	500.0000000	8.678988258	90.00000000	0.4572932168	333.6706483	41.01638442
341.0545334	279.0000000	90.00000000	0.09944211472	2.907004850	500.0000000	8.307025502	90.00000000	0.4695508018	326.8177723	41.35271885
341.5776322	279.0000000	90.00000000	0.1164770049	1.968595201	500.0000000	8.467263764	90.00000000	0.4609127888	333.9383919	41.13676780
341.4780444	279.0000000	90.00000000	0.1904542193	1.935446240	500.0000000	8.776488467	90.00000000	0.4531048982	334.8004912	40.84190555
341.5007509	279.0000000	90.00000000	0.1201694540	1.907580841	500.0000000	8.620343696	90.00000000	0.4628881195	329.5001763	41.37918522
341.7187687	279.0000000	90.00000000	0.1493986544	2.961354780	500.0000000	8.329003871	90.00000000	0.4615419169	333.4316004	40.70292744
341.5237649	279.0000000	90.00000000	0.1451591164	1.907424040	500.0000000	8.596110550	90.00000000	0.4577031959	335.4982250	40.88075720
341.7250308	279.0000000	90.00000000	0.1039982527	2.170725497	500.0000000	8.527572985	90.00000000	0.4688102010	326.5122768	41.63821664
341.5991323	279.0000000	90.00000000	0.1721396686	1.828154643	500.0000000	8.581252656	90.00000000	0.4524127878	341.1671810	40.45925679
341.5271408	279.0000000	90.00000000	0.1532808082	1.937784211	500.0000000	8.504086654	90.00000000	0.4559951242	340.9758006	40.60066884
341.6985564	279.0000000	90.00000000	0.1333438455	2.456883561	500.0000000	8.360496198	90.00000000	0.4630489713	335.8579292	40.92805194
341.5356496	279.0000000	90.00000000	0.1848944943	1.915927834	500.0000000	8.723363166	90.00000000	0.4503819400	336.4612160	40.62892991
341.6677080	279.0000000	90.00000000	0.1108369062	2.180867803	500.0000000	8.252841400	90.00000000	0.4621078050	340.1372987	40.66270084
341.4244879	279.0000000	90.00000000	0.1589327952	1.955148903	500.0000000	8.639366997	90.00000000	0.4558370022	333.8577312	41.01284814
341.2082322	279.0000000	90.00000000	0.08272479658	1.928648944	500.0000000	8.519956953	90.00000000	0.4701796102	328.6513186	41.68997761
341.4741771	279.0000000	90.00000000	0.1472383440	1.878973782	500.0000000	8.653101288	90.00000000	0.4584611249	336.8135409	40.85152565
341.3131123	279.0000000	90.00000000	0.1107116820	2.149146527	500.0000000	8.472911946	90.00000000	0.4649317113	332.5111671	41.13637946
341.3505939	279.0000000	90.00000000	0.1670801825	2.052919362	500.0000000	8.712912391	90.00000000	0.4584651744	330.4624724	41.19224412
341.3180782	279.0000000	90.00000000	0.1478995796	1.925546160	500.0000000	8.559055390	90.00000000	0.4565088109	340.3092223	40.59873866
341.7618974	279.0000000	90.00000000	0.1447023567	2.127640300	500.0000000	8.372501505	90.00000000	0.4570616550	342.7263681	40.48455551
341.5905188	279.0000000	90.00000000	0.1407802374	1.880078847	500.0000000	8.537097913	90.00000000	0.4574632848	338.9763086	40.81335784
341.4002954	279.0000000	90.00000000	0.1411894046	1.868327596	500.0000000	8.452259857	90.00000000	0.4563558011	341.2892957	40.54802843
341.5514389	279.0000000	90.00000000	0.1227890670	1.951522767	500.0000000	8.490937044	90.00000000	0.4621043705	336.9448616	41.03481688
341.5034976	279.0000000	90.00000000	0.2591111847	3.863922065	52.23096287	51.21953217	90.00000000	6.409679439e-07	57.42330215	37.41243550
341.5034979	279.0000000	90.00000000	0.2591113200	3.863918172	52.23102802	51.21951008	90.00000000	0.000000000	57.42324871	37.41245294
341.5908811	279.0000000	90.00000000	0.1677679233	1.970657010	500.0000000	8.635395294	90.00000000	0.4545943323	339.3822488	40.57909657
341.6022987	279.0000000	90.00000000	0.1553203776	1.927571742	500.0000000	8.723310391	90.00000000	0.4567662188	331.1766478	41.11691792
341.6449161	279.0000000	90.00000000	0.1574795245	1.904726972	500.0000000	8.476347372	90.00000000	0.4553296776	343.8643597	40.40628369
341.0004963	279.0000000	90.00000000	0.07371673213	2.796381003	500.0000000	8.252625493	90.00000000	0.4763065151	329.8720262	41.38172787
341.4566532	279.0000000	90.00000000	0.1145579665	2.025813219	500.0000000	8.766522172	90.00000000	0.4678314961	320.7656579	41.98406591
341.6804720	279.0000000	90.00000000	0.1711430015	1.829727206	500.0000000	8.379001430	90.00000000	0.4532083390	351.1194935	40.03823367
341.6229474	279.0000000	90.00000000	0.1362927574	1.896709578	500.0000000	8.456496483	90.00000000	0.4550470242	341.2197048	40.55013766
341.6847093	279.0000000	90.00000000	0.04661599425	1.972167327	500.0000000	8.245670023	90.00000000	0.4710773314	333.6239522	41.39159384
341.6494355	279.0000000	90.00000000	0.1416381219	1.947278515	500.0000000	8.636836454	90.00000000	0.4605341415	333.1733026	41.06509001
341.8244484	279.0000000	90.00000000	0.1432949766	2.146895932	500.0000000	8.377230178	90.00000000	0.4583902057	343.8186824	40.40974131
341.5573016	279.0000000	90.00000000	0.1233114961	2.087254582	500.0000000	8.634021982	90.00000000	0.4636613562	326.4132269	41.55679980
341.3192795	279.0000000	90.00000000	0.1522553951	2.264041291	500.0000000	8.165470541	90.00000000	0.4549967074	350.4965906	39.98234554
341.5265458	279.0000000	90.00000000	0.1255932949	2.015332877	500.0000000	8.420721264	90.00000000	0.4594642909	339.0624947	40.70225531
341.4111155	279.0000000	90.00000000	0.1687080554	1.892076667	500.0000000	8.779272341	90.00000000	0.4562760086	330.9529159	41.16506964
341.4121017	279.0000000	90.00000000	0.1147068842	2.061271261	500.0000000	8.506550432	90.00000000	0.4627200783	332.1540839	41.13496268
341.6310768	279.0000000	90.00000000	0.1269781322	2.181720925	500.0000000	8.525306403	90.00000000	0.4636843150	328.8261866	41.33179815
341.4818007	279.0000000	90.00000000	0.2275531299	1.848801878	500.0000000	8.818799351	90.00000000	0.4458774184	345.2191390	40.08965919
341.5808922	279.0000000	90.00000000	0.1534125103	2.010604743	500.0000000	8.470793722	90.00000000	0.4562841835	338.6407642	40.63518100
341.5034964	279.0000000	90.00000000	0.2591125025	3.863914676	52.23133842	51.21931873	90.00000000	7.131503189e-07	57.42364774	37.41251506
341.7428738	279.0000000	90.00000000	0.1615084381	2.240670185	500.0000000	8.813181081	90.00000000	0.4608488250	323.2443728	41.52313088
341.5437328	279.0000000	90.00000000	0.3391310301	3.974088381	50.50123493	54.14899053	3.552713679e-15	0.000000000	70.92927549	35.44453204
341.7216820	279.0000000	90.00000000	0.1244269343	2.231222135	500.0000000	8.752649948	90.00000000	0.4662057966	318.8646044	41.89878611
341.7299252	279.0000000	90.00000000	0.1670477562	2.063938061	500.0000000	8.739880673	90.00000000	0.4575205408	330.5362056	41.14157358
341.2706636	279.0000000	90.00000000	0.1831818407	1.883421785	500.0000000	8.786594715	90.00000000	0.4516217404	338.0411234	40.54629422
341.7222853	279.0000000	90.00000000	0.1865937277	2.135881158	500.0000000	8.616074574	90.00000000	0.4535405204	341.5057590	40.36133629
341.6402129	279.0000000	90.00000000	0.1808095613	2.384393196	500.0000000	8.539872930	90.00000000	0.4544589525	336.1861729	40.57857707
341.1759960	279.0000000	90.00000000	0.1533339009	2.220508443	500.0000000	8.476437389	90.00000000	0.4550466636	338.1634609	40.53665607
341.5311939	279.0000000	90.00000000	0.1038488115	2.164304192	500.0000000	8.797466976	90.00000000	0.4724270577	309.5397581	42.69440716
341.5495934	279.0000000	90.00000000	0.1632498015	1.828371470	500.0000000	8.772758396	90.00000000	0.4575395996	334.8465883	40.91406711
341.6066491	279.0000000	90.00000000	0.1782578104	1.929797107	500.0000000	8.550742967	90.00000000	0.4509168778	346.1403817	40.08832548
341.6094865	279.0000000	90.00000000	0.1234819736	2.189888438	500.0000000	8.580644313	90.00000000	0.4634642486	329.1384137	41.30257243
341.4881984	279.0000000	90.00000000	0.1470910893	1.918770697	500.0000000	8.846848750	90.00000000	0.4633689116	326.5077239	41.55712512
341.5035018	279.0000000	90.00000000	0.2591114642	3.863933597	52.23058057	51.21973023	90.00000000	0.000000000	57.42377457	37.41224323
341.2245673	279.0000000	90.00000000	0.1212991885	1.889912667	500.0000000	8.272721396	90.00000000	0.4575144601	349.5976340	40.21512762
341.8545155	279.0000000	90.00000000	0.1358116711	2.017237093	500.0000000	8.116078596	90.00000000	0.4546452453	353.5024521	39.90236965
341.5740882	279.0000000	90.00000000	0.1299846969	1.941773182	500.0000000	8.130029198	90.00000000	0.4568614228	354.2549330	39.93379963
341.8670123	279.0000000	90.00000000	0.1539599026	2.469074015	500.0000000	8.358304108	90.00000000	0.4567032668	339.0757532	40.48780304
341.6127929	279.0000000	90.00000000	0.1358359075	1.965072776	500.0000000	8.397123857	90.00000000	0.4572868270	340.4879338	40.70049733
341.5563267	279.0000000	90.00000000	0.1117520386	2.055099959	500.0000000	8.465587819	90.00000000	0.4643325363	333.4447500	41.15992352
341.5226977	279.0000000	90.00000000	0.1065809729	2.382152350	500.0000000	8.224229590	90.00000000	0.4629150989	341.1791713	40.55533500
341.6321415	279.0000000	90.00000000	0.09798200290	2.048124362	500.0000000	8.210510763	90.00000000	0.4614832910	340.5845742	40.73727172
341.5034973	279.0000000	90.00000000	0.2591131595	3.863917885	52.23126980	51.21935690	90.00000000	1.286755979e-06	57.42396572	37.41243329
341.6161546	279.0000000	90.00000000	0.09596132632	2.036517035	500.0000000	8.273450059	90.00000000	0.4636439633	336.7446292	40.95174231
341.2446369	279.0000000	90.00000000	0.1843093182	1.942131607	500.0000000	8.814418066	90.00000000	0.4543898210	332.2560752	40.96312264
341.5034981	279.0000000	90.00000000	0.2591112332	3.863926432	52.23078164	51.21963313	90.00000000	4.328123194e-07	57.42344322	37.41235022
341.3405965	279.0000000	90.00000000	0.1286269613	2.186290831	500.0000000	8.491983676	90.00000000	0.4612703262	332.2326027	41.13545754
341.3360234	279.0000000	90.00000000	0.1738780754	1.908323379	500.0000000	8.800466605	90.00000000	0.4549123449	331.2633502	41.01189846
341.6714524	279.0000000	90.00000000	0.1105247054	2.158912063	500.0000000	8.720430888	90.00000000	0.4674352284	320.8003138	41.87051026
341.5372040	279.0000000	90.00000000	0.1556892019	2.147234804	500.0000000	8.809408604	90.00000000	0.4624267564	320.3765993	41.80948185
341.9682602	279.0000000	90.00000000	0.08974823758	2.870525096	500.0000000	7.851010654	90.00000000	0.4657921198	349.1416674	40.04669893
341.4830578	279.0000000	90.00000000	0.1715616704	1.810128035	500.0000000	8.474182940	90.00000000	0.4507278936	352.2787050	39.88557928
341.4808204	279.0000000	90.00000000	0.1441653058	1.855606554	500.0000000	8.616816930	90.00000000	0.4593646896	335.6101117	41.03762136
341.2482509	279.0000000	90.00000000	0.08516022244	2.061306301	500.0000000	8.271322628	90.00000000	0.4645652254	338.9910815	40.81549883
341.6119847	279.0000000	90.00000000	0.1541872843	2.094913855	500.0000000	8.568025323	90.00000000	0.4561205978	336.5688090	40.71703672
341.2812166	279.0000000	90.00000000	0.1209824792	2.234251322	500.0000000	8.557478601	90.00000000	0.4668751557	326.0866036	41.55498578
341.6184572	279.0000000	90.00000000	0.1782275354	1.933424204	500.00