      0.00000      11716.0  1.60000e+38  1.60000e+38  1.60000e+38  1.60000e+38  1.60000e+38
      1.00000      8938.65      496.350     0.180905    0.0729494     -49.9756      13.1622
      2.00000      5816.23      371.050     0.163099    0.0137167     -54.2737      2.71847
      3.00000      3559.95      167.809     0.127805   0.00653091     -62.7214      1.60396
      4.00000      2392.86      80.1568     0.138896   0.00359337     -68.9526     0.787839
      5.00000      1778.58      46.9095     0.172671   0.00343863     -74.6940     0.636815
      6.00000      1383.81      29.0552     0.194290   0.00371889     -77.2203     0.614653
      7.00000      1112.58      18.7920     0.209681   0.00400640     -78.0987     0.615213
      8.00000      913.770      12.1783     0.216569   0.00381212     -78.3693     0.564406
      9.00000      768.119      8.33824     0.220025   0.00301601     -77.7777     0.445993
      10.0000      661.537      6.35625     0.222000   0.00268741     -78.6976     0.390941
      11.0000      578.577      4.79047     0.226069   0.00350532     -79.6469     0.507512
      12.0000      508.606      3.95577     0.228580   0.00346457     -79.6988     0.493739
      13.0000      461.728      3.42530     0.244409   0.00373281     -80.2724     0.504515
      14.0000      415.284      3.15403     0.252755   0.00386212     -79.6908     0.507409
      15.0000      379.491      2.83203     0.265640   0.00334683     -79.1014     0.418415
      16.0000      344.718      2.69662     0.274669   0.00360858     -79.4161     0.440120
      17.0000      319.772      2.62588     0.289580   0.00379184     -79.6420     0.441534
      18.0000      299.476      2.52543     0.305017   0.00406596     -79.2823     0.458480
      19.0000      279.363      2.54979     0.317149   0.00525267     -78.9705     0.572882
      20.0000      257.786      2.52018     0.317946   0.00609745     -78.9963     0.663138
      21.0000      241.612      2.33365     0.318424   0.00767896     -78.6654     0.833336
      22.0000      224.368      2.01919     0.311481    0.0103102     -78.2742      1.14057
      23.0000      216.584      1.72580     0.321779   0.00668855     -79.5612     0.720173
      24.0000      208.577      1.51802     0.328232   0.00680679     -80.1218     0.718916
      25.0000      199.940      1.37898     0.329250   0.00779283     -79.5410     0.821248
      26.0000      197.128      1.36400     0.346354   0.00852508     -78.3004     0.863127
      27.0000      193.807      1.23600     0.362696   0.00814045     -77.6220     0.801697
      28.0000      186.454      1.12810     0.364699   0.00937478     -77.4924     0.914845
      29.0000      180.033      1.11329     0.358263    0.0145424     -75.7993      1.44047
      30.0000      182.386      1.11512     0.404431    0.0102677     -75.7993     0.933762
      31.0000      172.356     0.899940     0.363816    0.0213798     -75.7993      2.09138
      32.0000      173.387     0.920320     0.404931    0.0183155     -75.7993      1.65926
      33.0000      170.699     0.911759     0.412319    0.0222671     -74.5706      1.99708
      34.0000      171.196     0.939774     0.412319    0.0201773     -79.8725      1.81264
      35.0000      174.742      1.14876     0.472271    0.0112581     -79.8725     0.922769
      36.0000      174.354      1.08388     0.473389    0.0101712     -82.5151     0.836421
      37.0000      162.500      1.26127     0.375689   0.00636897     -84.3607     0.609654
      38.0000      155.201      1.16632     0.366358   0.00683654     -82.5028     0.664895
      39.0000      147.845      1.04934     0.361506   0.00786048     -80.5566     0.773018
      40.0000      141.025     0.972217     0.354146   0.00815894     -78.4312     0.813780
      41.0000      144.240      1.02118     0.390752   0.00653378     -78.4312     0.608689
      42.0000      138.546     0.966789     0.385568   0.00653195     -76.5167     0.611899
      43.0000      135.659     0.899985     0.394043   0.00623703     -75.8371     0.574809
      44.0000      133.246     0.868372     0.402580   0.00568814     -75.9491     0.518672
      45.0000      128.773     0.882785     0.403873   0.00691496     -76.1791     0.627676
      46.0000      124.586     0.867241     0.403910   0.00669980     -76.5620     0.608801
      47.0000      121.395     0.826352     0.405685   0.00528131     -76.9778     0.477652
      48.0000      121.335     0.830693     0.419678   0.00574145     -77.5262     0.508206
      49.0000      116.714     0.769631     0.415129   0.00569714     -78.2417     0.508608
      50.0000      113.576     0.688272     0.416222   0.00523139     -78.3956     0.465299
      51.0000      110.781     0.653571     0.418849   0.00466065     -77.3786     0.412646
      52.0000      109.024     0.614835     0.425173   0.00440394     -77.0068     0.385784
      53.0000      106.591     0.540465     0.430440   0.00367655     -77.2135     0.320291
      54.0000      105.783     0.517238     0.439996   0.00360603     -77.2556     0.309440
      55.0000      104.023     0.533381     0.446152   0.00364970     -77.5797     0.310436
      56.0000      102.832     0.548753     0.453514   0.00388726     -78.0208     0.326498
      57.0000      98.9710     0.482547     0.453881   0.00321940     -78.4495     0.270870
      58.0000      95.2234     0.506082     0.455173   0.00348720     -78.9615     0.292699
      59.0000      92.4772     0.545816     0.458698   0.00370960     -79.3689     0.309288
      60.0000      90.9095     0.539860     0.464344   0.00373518     -79.7725     0.309258
      61.0000      89.0812     0.538297     0.469664   0.00389381     -79.9987     0.320307
      62.0000      85.8667     0.515917     0.471790   0.00362714     -80.0241     0.297778
      63.0000      82.9431     0.478024     0.474518   0.00359040     -79.8005     0.294170
      64.0000      80.7774     0.463911     0.478605   0.00336270     -79.8007     0.273989
      65.0000      78.1671     0.475553     0.480996   0.00355412     -80.0821     0.288109
      66.0000      76.3873     0.479823     0.484786   0.00354362     -80.3046     0.286779
      67.0000      71.8026     0.476680     0.471282   0.00376657     -80.9727     0.309073
      68.0000      69.0598     0.480739     0.472276   0.00428568     -80.7994     0.351108
      69.0000      67.4040     0.467602     0.475887   0.00404737     -80.9442     0.330932
      70.0000      62.8962     0.447761     0.461452   0.00457486     -81.4003     0.380652
      71.0000      60.9433     0.448501     0.462048   0.00577498     -81.3778     0.479711
      72.0000      58.4079     0.402935     0.456043   0.00540720     -80.8009     0.453399
      73.0000      55.5550     0.402610     0.453414   0.00653202     -80.8669     0.548978
      74.0000      55.4864     0.403967     0.461371   0.00588975     -80.8669     0.490152
      75.0000      54.3791     0.392594     0.463185   0.00502140     -80.8669     0.417094
      76.0000      52.5517     0.363958     0.456903   0.00452794     -81.5249     0.378420
      77.0000      52.3493     0.341664     0.463144   0.00445372     -81.1018     0.369986
      78.0000      51.7305     0.327949     0.468455   0.00437211     -81.1018     0.360227
      79.0000      50.7595     0.355689     0.472163   0.00475469     -81.0764     0.389879
      80.0000      47.2981     0.337773     0.454729   0.00476339     -79.9739     0.397028
      81.0000      47.1768     0.346324     0.462249   0.00519166     -80.1710     0.429471
      82.0000      44.6158     0.333798     0.455434   0.00559779     -80.9174     0.467386
      83.0000      43.4955     0.326473     0.455434   0.00578475     -81.6410     0.483209
      84.0000      43.1190     0.314931     0.461895   0.00550554     -81.6739     0.455365
      85.0000      42.6163     0.326835     0.467877   0.00612428     -81.6943     0.502154
      86.0000      42.0623     0.325533     0.469595   0.00596483     -80.8818     0.487709
      87.0000      40.1857     0.334501     0.460919   0.00553781     -80.0279     0.458139
      88.0000      38.1868     0.314452     0.457127   0.00570474     -78.9891     0.472924
      89.0000      37.9226     0.294713     0.462135   0.00560457     -78.8916     0.460955
      90.0000      37.5949     0.313091     0.467591   0.00573132     -78.7112     0.469180
      91.0000      37.6526     0.317076     0.473073   0.00547427     -78.3476     0.446095
      92.0000      36.5333     0.314349     0.475133   0.00565581     -78.2434     0.461258
      93.0000      35.5806     0.308619     0.475133   0.00539353     -78.8922     0.440481
      94.0000      34.7238     0.325625     0.475741   0.00597066     -79.3580     0.486895
      95.0000      33.5836     0.330306     0.465220   0.00518452     -79.3604     0.428510
      96.0000      33.4876     0.303487     0.471091   0.00535563     -79.2468     0.439596
      97.0000      33.1237     0.285298     0.478106   0.00490107     -78.9843     0.398816
      98.0000      30.8288     0.306744     0.469648   0.00600140     -78.8026     0.493546
      99.0000      31.4188     0.298284     0.481461   0.00576132     -78.8026     0.467288
      100.000      30.1854     0.279293     0.481461   0.00579314     -78.9744     0.470744
      101.000      28.7267     0.271343     0.473024   0.00508261     -79.5342     0.417170
      102.000      27.6434     0.289255     0.472201   0.00545245     -79.9379     0.447796
      103.000      27.2239     0.280162     0.476156   0.00529587     -80.0319     0.432787
      104.000      26.3285     0.272415     0.473689   0.00581415     -79.2099     0.478222
      105.000      25.0825     0.264833     0.465405   0.00529593     -78.6227     0.441764
      106.000      25.1761     0.262437     0.471639   0.00511565     -78.5294     0.423145
      107.000      24.3591     0.276539     0.471831   0.00563437     -78.2215     0.466325
      108.000      23.7767     0.258330     0.474927   0.00539880     -78.2215     0.445996
      109.000      22.9343     0.257535     0.474927   0.00597827     -78.3261     0.494018
      110.000      22.4531     0.268410     0.478928   0.00622674     -78.5418     0.512471
      111.000      21.5660     0.261548     0.476632   0.00659441     -77.6529     0.545086
      112.000      20.9307     0.252021     0.479210   0.00715038     -79.0692     0.587447
      113.000      20.0137     0.258663     0.479210   0.00713669     -77.8393     0.592611
      114.000      18.9172     0.269175     0.459413   0.00854462     -78.8302     0.721568
      115.000      18.5058     0.272860     0.463274   0.00812645     -78.9249     0.679101
      116.000      17.7465     0.262729     0.463274   0.00996431     -79.0393     0.830986
      117.000      17.4465     0.276526     0.463274   0.00868568     -76.4083     0.737298
      118.000      16.8236     0.263216     0.463274   0.00998489     -77.4348     0.838071
      119.000      16.8960     0.256138     0.471302   0.00909128     -77.4552     0.755648
      120.000      16.6690     0.258923     0.472100   0.00934091     -77.2630     0.775991
      121.000      14.5115     0.268181     0.436462    0.0170135     -79.6482      1.45343
      122.000      15.2061     0.257616     0.455953    0.0116728     -79.9675     0.977153
      123.000      14.4243     0.243037     0.451406    0.0135482     -79.8720      1.13209
      124.000      13.9023     0.251307     0.447754    0.0186225     -78.4677      1.59443
      125.000      13.6013     0.245227     0.444722    0.0137419     -79.1452      1.18081
      126.000      14.1283     0.237361     0.452452    0.0120178     -81.0794     0.995771
      127.000      13.1151     0.227826     0.440652    0.0116543     -79.5976      1.01062
      128.000      13.1652     0.241501     0.444445    0.0110227     -82.1469     0.939700
      129.000      13.8225     0.235799     0.464744    0.0108108     -81.0343     0.881553
      130.000      13.5173     0.235953     0.463556    0.0117747     -81.0343     0.974618
      131.000      12.3501     0.236711     0.449726    0.0133198     -81.0343      1.13931
      132.000      13.5597     0.233259     0.476034    0.0104595     -81.0343     0.844603
      133.000      13.1337     0.224432     0.476329   0.00942709     -81.0343     0.771237
      134.000      12.5095     0.234079     0.464475    0.0106790     -81.6201     0.901514
      135.000      12.9561     0.241125     0.480744   0.00836646     -81.8261     0.686051
      136.000      12.8612     0.241510     0.482543   0.00760692     -82.5437     0.628728
      137.000      12.8507     0.236327     0.479611   0.00709868     -83.8239     0.595869
      138.000      12.2950     0.225604     0.479611   0.00758799     -83.0547     0.635602
      139.000      11.4863     0.218608     0.470216   0.00881357     -83.7821     0.762118
      140.000      11.0914     0.228865     0.468011    0.0105971     -83.6579     0.935891
      141.000      10.9720     0.223685     0.473741   0.00819211     -83.6579     0.712736
      142.000      10.2404     0.237473     0.458224   0.00917324     -83.4868     0.832263
      143.000      11.0790     0.238534     0.479448   0.00915741     -79.8032     0.787936
      144.000      11.0426     0.226272     0.484510   0.00724488     -80.6183     0.624807
      145.000      9.26445     0.245019     0.463693    0.0134660     -82.2814      1.18786
      146.000      9.02941     0.236646     0.455521    0.0122986     -79.5271      1.10597
      147.000      9.20693     0.235057     0.465543    0.0120916     -81.6124      1.07171
      148.000      7.68534     0.232983     0.432962   0.00978875     -81.5147     0.868382
      149.000      7.69222     0.225720     0.432962    0.0111590     -80.0327     0.958819
      150.000      7.26842     0.229171     0.419958    0.0119596     -80.8658      1.02909
      151.000      6.90234     0.215819     0.419958    0.0128145     -82.9586      1.11245
      152.000      6.52043     0.236215     0.426838    0.0156012     -81.4909      1.33040
      153.000      6.98952     0.215519     0.440489    0.0132875     -81.4909      1.11618
      154.000      6.63125     0.216518     0.433521    0.0113166     -82.5862     0.959118
      155.000      6.54510     0.205799     0.431091    0.0104957     -79.0215     0.921477
      156.000      5.57396     0.201676     0.422296    0.0150018     -82.5500      1.31412
      157.000      5.98472     0.206713     0.440552    0.0126492     -82.9923      1.07906
      158.000      6.79119     0.218158     0.461090    0.0136042     -81.8888      1.14730
      159.000      6.19001     0.219181     0.453222    0.0159764     -82.6118      1.36563
      160.000      5.07069     0.198454     0.424969    0.0182162     -81.2435      1.61207
      161.000      5.57770     0.195292     0.440880    0.0103090     -82.2888     0.887109
      162.000      4.82249     0.204029     0.417991    0.0161878     -87.8117      1.44515
      163.000      4.71570     0.194298     0.430949    0.0191820     -81.6518      1.67523
      164.000      5.04122     0.196985     0.441226    0.0127664     -83.2474      1.09498
      165.000      4.17861     0.184789     0.412838    0.0220554     -81.7729      2.03054
      166.000      4.92714     0.193569     0.452759    0.0159070     -81.7729      1.34849
      167.000      3.97776     0.190158     0.428493    0.0216348     -81.7729      1.95129
      168.000      3.82549     0.185391     0.408277    0.0174697     -82.4234      1.59556
      169.000      3.73599     0.181954     0.422504    0.0231025     -82.4234      2.11300
      170.000      6.09073     0.222814     0.509724    0.0143166     -84.7356      1.18414
      171.000      3.98602     0.190049     0.440418    0.0137522     -82.3156      1.22424
      172.000      4.06854     0.191078     0.445423    0.0165979     -81.0677      1.46439
      173.000      3.12755     0.171627     0.413775    0.0214541     -79.9880      1.95966
      174.000      3.96964     0.185523     0.452656    0.0160757     -85.5397      1.38950
      175.000      4.26027     0.187716     0.462685    0.0164979     -82.5563      1.41948
      176.000      4.15745     0.197210     0.484728    0.0180417     -85.7243      1.47205
      177.000      4.35730     0.185601     0.492512    0.0129682     -80.1859      1.06110
      178.000      2.58677     0.165457     0.401969    0.0376668     -81.9422      3.51494
      179.000      3.28437     0.174433     0.432735    0.0153179     -82.2995      1.35011
      180.000      2.92656     0.169828     0.431259    0.0223076     -80.6845      1.96976
      181.000      4.12216     0.184144     0.492906    0.0139057     -85.1151      1.12004
      182.000      2.75002     0.173517     0.439432    0.0290655     -86.5041      2.52760
      183.000      3.99789     0.187689     0.507510    0.0148604     -80.4901      1.19078
      184.000      3.46949     0.180816     0.482648    0.0186880     -84.1186      1.55802
      185.000      3.00419     0.167908     0.453299    0.0123896     -82.2910      1.06645
      186.000      4.37209     0.191925     0.520361    0.0109156     -84.7303     0.858411
      187.000      2.41994     0.163977     0.422100    0.0252522      87.6388      2.23988
      188.000      3.21950     0.172803     0.484548    0.0180886     -76.7122      1.50998
      189.000      2.93730     0.164651     0.470840    0.0199933     -81.7723      1.67777
      190.000      2.68624     0.169770     0.465666    0.0186895     -81.2461      1.58268
      191.000      2.71412     0.164376     0.461290    0.0213768     -80.4089      1.82527
      192.000      2.45476     0.175775     0.461290    0.0291461     -80.5263      2.49324
      193.000      2.40279     0.162295     0.428742    0.0212562     -88.6797      1.85996
      194.000      2.14244     0.171699     0.433053    0.0548077     -80.4671      4.84485
      195.000      2.28240     0.162955     0.473418    0.0299624     -83.1443      2.50702
      196.000      2.27619     0.159889     0.447886    0.0221301     -87.1630      1.88824
      197.000      2.54750     0.178336     0.485763    0.0218448     -78.2328      1.79542
      198.000      1.48427     0.166700     0.393438    0.0473202     -83.7849      4.52314
      199.000      1.47021     0.158534     0.352730    0.0385993      82.8975      3.81060
      200.000      2.73111     0.173696     0.500000  1.60000e+38     -80.0000  1.60000e+38
      201.000      2.50661     0.178306     0.500000  1.60000e+38     -80.0000  1.60000e+38
